Time		Cap_one		Cap_two		Cap_three		Cap_four
    0.0000		5297004		2584606		1911153		2386437	
    0.1965		5517859		2590459		1846354		2387998	
    0.3977		5529461		2591348		1840918		2389774	
    0.5942		5514671		2589101		1860293		2388483	
    0.7943		5514514		2590773		1871434		2389129	
    0.9908		5516500		2591348		1841079		2388052	
    1.1920		5512946		2590773		1876062		2384554	
    1.3885		5517755		2589205		1873371		2387406	
    1.5887		5515821		2591766		1839841		2388967	
    1.7853		5510699		2591348		1834352		2381594	
    1.9865		5513051		2591452		1837796		2384123	
    2.1833		5508191		2590355		1857817		2386653	
    2.3832		5513574		2591714		1887687		2387783	
    2.5800		5505682		2590564		1867182		2387406	
    2.7811		5511849		2590564		1810133		2390312	
    2.9783		5517545		2591139		1829023		2385738	
    3.1778		5514985		2592289		1871864		2389344	
    3.3743		5515142		2590878		1785268		2386384	
    3.5719		5503487		2593229		1758896		2386384	
    3.7724		5501606		2591609		1838496		2387729	
    3.9716		5520838		2592132		1865406		2385899	
    4.1693		5506727		2589989		1793018		2388859	
    4.3656		5498575		2587899		1781716		2388805	
    4.5670		5509079		2586749		1868635		2386868	
    4.7633		5518643		2589414		1787420		2385522	
    4.9645		5515089		2590668		1817291		2383101	
    5.1611		5509863		2590616		1824287		2383639	
    5.3615		5511274		2591818		1883812		2391227	
    5.5581		5508034		2590303		1856364		2386168	
    5.7583		5520629		2592654		1787098		2382993	
    5.9549		5501449		2589728		1821004		2388052	
    6.1563		5509027		2588421		1876170		2390044	
    6.3530		5520002		2592864		1807711		2382455	
    6.5539		5510699		2592445		1816645		2388967	
    6.7492		5513103		2589676		1896514		2386168	
    6.9535		5509602		2592864		1903456		2384607	
    7.1475		5516971		2590825		1818905		2385738	
    7.3476		5497738		2589571		1804966		2382939	
    7.5447		5495230		2590146		1819497		2387890	
    7.7413		5507355		2592445		1835374		2382401	
    7.9418		5517023		2593177		1800499		2388375	
    8.1382		5513992		2589676		1821704		2386868	
    8.3387		5516814		2587899		1788443		2389990	
    8.5352		5514567		2589310		1808464		2386653	
    8.7363		5516239		2590146		1779078		2385253	
    8.9325		5505003		2591243		1873533		2384823	
    9.1341		5512476		2594536		1873802		2391227	
    9.3303		5504794		2589362		1734946		2390582	
    9.5305		5510699		2591087		1804105		2393273	
    9.7306		5510752		2591296		1825310		2383208	
    9.9308		5506832		2590721		1744096		2382670	
   10.1270		5509445		2587480		1808464		2382993	
   10.3261		5502651		2592759		1806527		2384984	
   10.5220		5506936		2590512		1798023		2388321	
   10.7221		5511274		2592132		1829131		2385199	
   10.9335		5513365		2591714		1742373		2387675	
   11.1192		5508922		2590825		1737745		2388483	
   11.3162		5505839		2589519		1822404		2384285	
   11.5128		5509863		2591662		1804804		2385361	
   11.7145		5510229		2590093		1771490		2383101	
   11.9111		5504585		2591714		1828808		2380840	
   12.1118		5510960		2589257		1756958		2387299	
   12.3079		5507930		2592968		1820412		2385469	
   12.5082		5508609		2591452		1804266		2385469	
   12.7051		5506780		2590512		1803351		2386975	
   12.9061		5513626		2591348		1790273		2385684	
   13.1025		5518016		2589362		1788874		2384500	
   13.3034		5501815		2591452		1768314		2390258	
   13.5003		5513678		2589519		1787205		2384607	
   13.7001		5516553		2591504		1758412		2387729	
   13.8967		5506362		2587951		1737637		2393380	
   14.0978		5515194		2589466		1766538		2389344	
   14.2944		5517702		2590721		1768207		2384769	
   14.4945		5508243		2591139		1768045		2385307	
   14.6923		5509915		2591714		1820897		2384661	
   14.8927		5510856		2590773		1813900		2382509	
   15.0893		5507198		2591975		1774880		2383746	
   15.2895		5509184		2589623		1842156		2386707	
   15.4864		5508818		2592184		1822296		2385146	
   15.6863		5504794		2588108		1831445		2386545	
   15.8833		5508609		2591348		1781985		2383477	
   16.0808		5497896		2589519		1814008		2390958	
   16.2814		5525855		2589728		1823103		2386168	
   16.4776		5509288		2590355		1718854		2382724	
   16.6778		5499672		2591400		1791350		2387083	
   16.8755		5509549		2592132		1876870		2385253	
   17.0754		5502233		2590825		1833760		2386060	
   17.2719		5519322		2592916		1731663		2386114	
   17.4735		5528573		2592602		1831176		2388052	
   17.6687		5508975		2590982		1815945		2382670	
   17.8704		5505212		2588787		1818206		2389290	
   18.0668		5515978		2589571		1840056		2382239	
   18.2669		5507250		2588160		1819228		2385253	
   18.4634		5511588		2589780		1812770		2388859	
   18.6652		5511483		2592707		1813039		2386437	
   18.8616		5507616		2589153		1739951		2388913	
   19.0621		5507459		2594170		1794525		2385522	
   19.2588		5504689		2587951		1691244		2383047	
   19.4588		5508870		2591034		1769767		2386168	
   19.6555		5498261		2590355		1714387		2381647	
   19.8567		5500926		2589101		1717562		2383477	
   20.0526		5514306		2587063		1728918		2379118	
   20.2542		5506832		2586644		1755290		2383800	
   20.4511		5493297		2585286		1793502		2388967	
   20.6475		5512163		2589989		1784030		2384231	
   20.8492		5500352		2589780		1718477		2384123	
   21.0440		5492094		2589466		1777141		2385792	
   21.2456		5507668		2588630		1727950		2383477	
   21.4419		5499515		2588996		1797054		2385630	
   21.6423		5501763		2591243		1834459		2383585	
   21.8388		5508818		2590041		1739736		2385199	
   22.0411		5518382		2588212		1790811		2385845	
   22.2367		5507146		2591243		1762179		2383316	
   22.4371		5518068		2591504		1774396		2385307	
   22.6351		5511535		2591400		1788335		2376319	
   22.8339		5503278		2591400		1734085		2387890	
   23.0304		5505578		2591923		1786990		2384715	
   23.2320		5512737		2593334		1758519		2385253	
   23.4285		5508086		2591348		1796247		2389344	
   23.6291		5508818		2589623		1732416		2385199	
   23.8254		5510752		2591452		1829831		2386276	
   24.0272		5511274		2592916		1797969		2388267	
   24.2228		5515559		2589101		1795063		2385738	
   24.4238		5501345		2589937		1806042		2387083	
   24.6205		5504951		2590198		1760026		2385630	
   24.8209		5504062		2591243		1766484		2387890	
   25.0176		5498470		2591766		1739037		2386060	
   25.2139		5506048		2590146		1762448		2382616	
   25.4154		5512529		2591191		1806903		2386653	
   25.6110		5505264		2589989		1775311		2384177	
   25.8123		5508713		2590303		1793287		2387245	
   26.0089		5512058		2592445		1869927		2388375	
   26.2094		5500352		2589780		1840810		2388267	
   26.4056		5505264		2591609		1807657		2379064	
   26.6067		5520681		2588212		1901196		2384338	
   26.8040		5513783		2592289		1811263		2389505	
   27.0046		5509915		2590825		1781446		2382562	
   27.2006		5510699		2593647		1796624		2381701	
   27.4024		5515246		2588839		1865567		2387998	
   27.5983		5509445		2591243		1826817		2380894	
   27.7983		5509236		2590930		1829077		2385576	
   27.9948		5507146		2588369		1788928		2385953	
   28.1955		5511065		2589048		1810994		2383746	
   28.3944		5510020		2592289		1835320		2390474	
   28.6028		5491833		2590459		1849367		2384231	
   28.7912		5509707		2591296		1757281		2382939	
   28.9898		5487443		2590825		1826171		2388859	
   29.1920		5513260		2593856		1848883		2382293	
   29.3831		5509341		2588526		1849798		2386868	
   29.5848		5510908		2590616		1802813		2390044	
   29.7812		5506205		2592236		1841241		2383047	
   29.9814		5513312		2591975		1851735		2383854	
   30.1779		5511118		2591139		1840326		2379979	
   30.3792		5500613		2589519		1842963		2383854	
   30.5756		5491049		2589832		1832252		2384607	
   30.7770		5506309		2590355		1849906		2384392	
   30.9735		5510124		2591191		1901250		2385953	
   31.1740		5514932		2588735		1764332		2388805	
   31.3706		5512163		2591714		1876439		2389559	
   31.5714		5511118		2590512		1800714		2385199	
   31.7679		5506936		2592864		1841025		2388913	
   31.9777		5504951		2589623		1815891		2387029	
   32.1648		5506936		2592707		1804320		2387890	
   32.3674		5502860		2593229		1891616		2383423	
   32.5624		5511326		2591504		1842694		2388590	
   32.7625		5510281		2593334		1842532		2389559	
   32.9594		5515246		2588996		1895814		2382186	
   33.1568		5505525		2591766		1827947		2387729	
   33.3566		5505473		2592968		1845008		2385899	
   33.5528		5504689		2589153		1815514		2385630	
   33.7541		5503592		2589832		1873802		2382670	
   33.9507		5515194		2591400		1804697		2382293	
   34.1517		5508609		2591714		1816860		2384231	
   34.3479		5511535		2590564		1821273		2384607	
   34.5491		5508243		2591975		1824341		2384554	
   34.7448		5512476		2590773		1775419		2391012	
   34.9459		5502129		2591087		1840487		2383962	
   35.1426		5501449		2591714		1847322		2384931	
   35.3429		5506362		2589257		1813147		2386707	
   35.5396		5513574		2593125		1780693		2388752	
   35.7405		5509445		2588317		1829400		2386384	
   35.9373		5503749		2591818		1861046		2387621	
   36.1374		5498366		2590512		1797377		2389021	
   36.3342		5505212		2593334		1755505		2387460	
   36.5354		5501031		2591504		1809648		2382778	
   36.7313		5511274		2589832		1762448		2385253	
   36.9287		5513574		2593125		1759219		2388214	
   37.1289		5504010		2589414		1814923		2386114	
   37.3276		5502651		2589205		1841187		2387514	
   37.5264		5510177		2591662		1822727		2384231	
   37.7266		5502912		2592341		1829938		2383047	
   37.9230		5507198		2590668		1779240		2386114	
   38.1205		5510229		2591348		1765301		2384715	
   38.3208		5508818		2589989		1860831		2384877	
   38.5180		5509602		2592916		1776926		2386168	
   38.7186		5508034		2592602		1731232		2383262	
   38.9151		5506623		2588474		1765516		2387621	
   39.1157		5513312		2590459		1899474		2385684	
   39.3122		5501083		2593073		1854050		2382455	
   39.5124		5498157		2586383		1824126		2391604	
   39.7090		5499672		2591975		1792426		2386760	
   39.9127		5504010		2590303		1771867		2385953	
   40.1062		5503278		2591870		1792641		2387029	
   40.3077		5508713		2590878		1953401		2388321	
   40.5037		5509654		2589519		1801037		2382239	
   40.7015		5507355		2590825		1783761		2388267	
   40.9015		5507198		2591139		1801952		2383154	
   41.0977		5513521		2592341		1751092		2381701	
   41.2982		5504794		2591818		1842694		2385522	
   41.4957		5507302		2588787		1813039		2385630	
   41.6959		5506048		2588996		1799745		2384877	
   41.8922		5502756		2590146		1855234		2384446	
   42.0935		5509027		2588996		1813093		2387406	
   42.2899		5491154		2592916		1866913		2380679	
   42.4899		5493662		2591139		1858840		2384769	
   42.6877		5486764		2591296		1920679		2386007	
   42.8877		5507668		2592184		1783222		2385199	
   43.0853		5504846		2589885		1809756		2381325	
   43.2850		5494655		2590355		1766377		2384931	
   43.4822		5508922		2592184		1826978		2386384	
   43.6819		5506884		2589310		1858517		2384338	
   43.8790		5506362		2589414		1815568		2386760	
   44.0802		5507511		2589048		1832145		2389397	
   44.2761		5501240		2591034		1772243		2379979	
   44.4762		5512946		2589101		1808895		2384446	
   44.6758		5505682		2591818		1837365		2381647	
   44.8704		5497686		2591034		1893069		2381755	
   45.0708		5501397		2591609		1867720		2383477	
   45.2672		5506519		2589623		1812662		2384715	
   45.4688		5507093		2589885		1824449		2386060	
   45.6653		5510020		2590721		1831768		2387514	
   45.8652		5503696		2591034		1780962		2389129	
   46.0638		5500926		2589780		1878053		2385576	
   46.2633		5510072		2591818		1831499		2386060	
   46.4600		5497686		2590616		1780962		2387245	
   46.6602		5500299		2589362		1842586		2388698	
   46.8599		5509968		2591452		1743288		2386384	
   47.0575		5504794		2589466		1800499		2381701	
   47.2540		5511379		2593020		1897106		2383962	
   47.4614		5505264		2589728		1784783		2383962	
   47.6507		5510281		2588996		1824287		2384338	
   47.8522		5507930		2589362		1763094		2386814	
   48.0491		5512842		2591557		1750016		2386222	
   48.2493		5498627		2588055		1742535		2384123	
   48.4465		5508818		2591662		1769499		2388052	
   48.6459		5514567		2589989		1746248		2386222	
   48.8434		5494028		2590564		1839895		2391012	
   49.0396		5507407		2590303		1784137		2387837	
   49.2416		5506466		2590930		1796785		2385684	
   49.4377		5505055		2590251		1840648		2387568	
   49.6380		5505578		2590512		1806150		2387352	
   49.8345		5506936		2588003		1824018		2385415	
   50.0346		5499515		2591243		1750285		2387137	
   50.2313		5501815		2591923		1725528		2390689	
   50.4326		5510072		2590825		1773050		2384231	
   50.6290		5498157		2589466		1836128		2382831	
   50.8303		5502912		2591348		1812178		2383101	
   51.0271		5501867		2590146		1812178		2383423	
   51.2271		5513992		2590093		1808787		2384231	
   51.4236		5512685		2589937		1838711		2385199	
   51.6240		5519741		2591662		1828808		2386491	
   51.8205		5504689		2591296		1812877		2387890	
   52.0219		5507146		2590825		1771490		2385792	
   52.2176		5510386		2587690		1757012		2379656	
   52.4163		5496327		2588212		1702331		2385738	
   52.6158		5510752		2590146		1843932		2390366	
   52.8120		5499881		2589885		1809540		2385092	
   53.0127		5499097		2591034		1823426		2383585	
   53.2101		5503331		2592393		1821866		2380356	
   53.4100		5512529		2590878		1767991		2386975	
   53.6064		5505578		2591243		1820143		2386599	
   53.8079		5506362		2590407		1854265		2385038	
   54.0052		5505055		2591504		1776980		2384715	
   54.2043		5501710		2589571		1819336		2385899	
   54.4040		5504428		2590198		1750392		2383639	
   54.6022		5502494		2591609		1733062		2386330	
   54.7991		5506989		2592550		1793825		2383854	
   55.0000		5509863		2589519		1822888		2384877	
   55.1963		5507930		2591400		1811263		2386168	
   55.3969		5514306		2586801		1773373		2383585	
   55.5944		5503696		2591243		1822188		2386007	
   55.7943		5509027		2591191		1811586		2387083	
   55.9912		5507041		2591139		1832952		2387191	
   56.1889		5501554		2590878		1806742		2387029	
   56.3889		5498313		2590303		1846300		2384607	
   56.5849		5498679		2591766		1817829		2382670	
   56.7882		5500090		2590668		1808679		2385092	
   56.9820		5507041		2587690		1739521		2381863	
   57.1823		5508922		2589623		1740920		2377934	
   57.3785		5504637		2588212		1877246		2382455	
   57.5798		5510752		2589362		1831499		2386437	
   57.7765		5508347		2591504		1784460		2386384	
   57.9768		5503331		2588682		1795332		2385415	
   58.1731		5503122		2592236		1792695		2384500	
   58.3745		5499463		2591452		1835213		2385684	
   58.5711		5506257		2589257		1724074		2386599	
   58.7715		5493192		2591452		1807980		2380356	
   58.9680		5507721		2588108		1802436		2381755	
   59.1697		5505996		2591766		1829723		2380194	
   59.3658		5512529		2589310		1758627		2382562	
   59.5661		5501867		2591296		1786398		2389021	
   59.7630		5503749		2591923		1833167		2383262	
   59.9630		5505944		2591609		1808895		2387890	
   60.1600		5506362		2590564		1801468		2384607	
   60.3564		5507668		2592393		1861692		2386114	
   60.5581		5491781		2589466		1920141		2382239	
   60.7545		5509079		2590668		1855503		2382509	
   60.9552		5504533		2591243		1798830		2385845	
   61.1512		5501188		2588996		1799368		2383692	
   61.3525		5507198		2586174		1761103		2384446	
   61.5493		5498523		2591296		1739467		2389129	
   61.7493		5508870		2592550		1768745		2383154	
   61.9475		5501031		2591870		1774288		2389397	
   62.1465		5505682		2589937		1708090		2385953	
   62.3432		5495178		2590930		1843663		2384984	
   62.5435		5507564		2590093		1815461		2384984	
   62.7406		5490683		2591139		1791995		2387191	
   62.9425		5502860		2591452		1778433		2385146	
   63.1382		5511431		2589623		1814869		2384715	
   63.3385		5499045		2590668		1837904		2384607	
   63.5356		5496537		2591923		1730856		2387514	
   63.7360		5510020		2590721		1852166		2383962	
   63.9326		5507721		2591818		1827516		2383531	
   64.1291		5504533		2589989		1761856		2387675	
   64.3297		5494708		2590616		1836343		2384069	
   64.5263		5501501		2592184		1775849		2382885	
   64.7291		5502285		2590982		1802329		2382186	
   64.9232		5498052		2588369		1823588		2391066	
   65.1249		5503122		2591034		1753460		2382024	
   65.3216		5511379		2590041		1839034		2384123	
   65.5216		5508870		2591348		1778540		2386491	
   65.7183		5502965		2590251		1771867		2386384	
   65.9184		5497582		2591714		1776603		2384661	
   66.1161		5511588		2588108		1780209		2386653	
   66.3165		5505264		2590982		1787044		2387729	
   66.5130		5497321		2589728		1757227		2386114	
   66.7157		5500195		2590355		1764762		2387406	
   66.9194		5505891		2588526		1886557		2383692	
   67.1182		5517911		2591766		1764708		2384661	
   67.3091		5499411		2587951		1736991		2383154	
   67.5213		5510334		2589623		1762932		2384607	
   67.7115		5510490		2594118		1866482		2382831	
   67.9057		5505891		2591870		1795332		2387568	
   68.1027		5498209		2591714		1794740		2386760	
   68.3044		5508295		2591034		1742319		2386114	
   68.4998		5503905		2589780		1749962		2380463	
   68.6962		5506048		2590825		1797324		2385415	
   68.8963		5499568		2589153		1828108		2383531	
   69.0940		5501292		2591348		1715086		2382778	
   69.2941		5504951		2590878		1855611		2382616	
   69.4910		5503487		2589414		1787367		2384931	
   69.6935		5502808		2589937		1746464		2387729	
   69.8897		5509027		2589832		1720415		2381378	
   70.0889		5514567		2588944		1753245		2384769	
   70.2857		5505421		2588944		1806634		2382939	
   70.4860		5493192		2592707		1764170		2387837	
   70.6825		5502337		2592445		1788605		2383639	
   70.8826		5511379		2588369		1791457		2387514	
   71.0795		5502599		2591139		1717347		2386814	
   71.2811		5511483		2590512		1791726		2381863	
   71.4777		5504898		2589937		1778756		2385684	
   71.6777		5497111		2588474		1741943		2383047	
   71.8751		5513469		2592079		1829077		2382401	
   72.0751		5499150		2589885		1779509		2386330	
   72.2720		5507773		2590512		1740490		2380463	
   72.4719		5498523		2590825		1766054		2382024	
   72.6687		5504637		2589728		1764816		2382670	
   72.8653		5505316		2591400		1764816		2383101	
   73.0669		5504323		2589728		1797108		2381486	
   73.2630		5504323		2591766		1808625		2382509	
   73.4632		5504585		2590198		1808087		2385899	
   73.6597		5503958		2593177		1742050		2377019	
   73.8621		5493976		2591191		1779617		2386276	
   74.0573		5497321		2588055		1810509		2382616	
   74.2595		5501345		2590721		1771813		2381970	
   74.4554		5502965		2592602		1722567		2384931	
   74.6566		5501658		2588055		1822511		2384123	
   74.8523		5504114		2589466		1762663		2384931	
   75.0525		5504898		2590355		1693182		2384984	
   75.2493		5500090		2590930		1745656		2386922	
   75.4498		5506832		2590668		1842909		2387621	
   75.6465		5511745		2589780		1790865		2390097	
   75.8477		5492617		2591191		1803190		2379872	
   76.0435		5510752		2589937		1764654		2385953	
   76.2450		5497896		2589832		1830423		2386330	
   76.4418		5500926		2587376		1826763		2384446	
   76.6430		5507616		2587324		1844416		2385199	
   76.8387		5506884		2591296		1773427		2387568	
   77.0350		5497216		2591087		1754752		2382885	
   77.2382		5521413		2591870		1730909		2382831	
   77.4321		5526848		2590668		1747217		2385307	
   77.6327		5515142		2593595		1781070		2385684	
   77.8293		5513469		2592602		1743719		2383800	
   78.0311		5503226		2590355		1800660		2385953	
   78.2273		5507721		2591870		1860885		2383316	
   78.4278		5501345		2589362		1837258		2386437	
   78.6245		5504585		2591504		1772297		2389882	
   78.8258		5501606		2591243		1786237		2384554	
   79.0214		5519166		2588578		1776818		2377503	
   79.2226		5507825		2593020		1755182		2383692	
   79.4196		5510124		2591243		1788443		2384500	
   79.6246		5512110		2588944		1690544		2381378	
   79.8167		5505421		2591139		1763686		2386060	
   80.0169		5502337		2588474		1705829		2383746	
   80.2137		5507355		2589205		1740974		2386222	
   80.4136		5507459		2590407		1828431		2382078	
   80.6115		5504428		2589362		1826978		2383692	
   80.8081		5507877		2589257		1828969		2384554	
   81.0130		5512424		2589362		1721814		2384661	
   81.2116		5512529		2591191		1743288		2384231	
   81.4058		5502442		2590146		1753675		2387837	
   81.6024		5500874		2592498		1842048		2384177	
   81.8058		5504637		2588212		1820251		2385953	
   81.9993		5501815		2589989		1809218		2387675	
   82.1997		5517128		2592393		1812555		2385092	
   82.3982		5502912		2588526		1784299		2382132	
   82.5969		5495178		2591191		1812823		2385845	
   82.7936		5494603		2589310		1749370		2384877	
   82.9951		5498732		2587533		1817344		2382831	
   83.1918		5501972		2591818		1779509		2383800	
   83.3918		5508818		2591087		1761964		2385307	
   83.5891		5496850		2590093		1750016		2378580	
   83.7888		5504428		2589623		1747432		2388590	
   83.9857		5509759		2589205		1733762		2384016	
   84.1859		5502860		2589414		1782523		2386653	
   84.3832		5503853		2589885		1783007		2384016	
   84.5830		5508661		2591452		1730318		2384123	
   84.7806		5504480		2590303		1823695		2383746	
   84.9797		5504689		2593700		1825902		2387460	
   85.1778		5506257		2592184		1796301		2386599	
   85.3743		5498732		2591087		1717831		2391120	
   85.5747		5499777		2591139		1792587		2386760	
   85.7722		5500718		2589153		1770306		2385845	
   85.9725		5510647		2588996		1749800		2379441	
   86.1688		5506832		2591923		1790004		2383854	
   86.3702		5504585		2589153		1768960		2382616	
   86.5660		5500404		2589414		1729295		2380194	
   86.7672		5504637		2589623		1801575		2387406	
   86.9638		5497582		2589989		1769821		2386060	
   87.1640		5518486		2592236		1797377		2384338	
   87.3606		5510072		2590093		1791888		2384661	
   87.5621		5497111		2589728		1760295		2384446	
   87.7590		5504846		2588108		1705722		2380948	
   87.9590		5497843		2590825		1749800		2383585	
   88.1560		5507825		2590564		1830208		2381970	
   88.3561		5499829		2590825		1761695		2379118	
   88.5530		5517284		2591296		1776172		2382509	
   88.7527		5507721		2589623		1776764		2385146	
   88.9496		5495805		2592864		1829669		2383047	
   89.1473		5513260		2587951		1776872		2382724	
   89.3478		5499934		2592132		1789681		2385199	
   89.5439		5511692		2589519		1760080		2381863	
   89.7453		5502181		2590878		1802975		2380894	
   89.9417		5502756		2590459		1776980		2385792	
   90.1416		5500822		2588892		1743234		2387083	
   90.3392		5480806		2590512		1836128		2385307	
   90.5394		5522354		2591400		1814169		2388483	
   90.7358		5510543		2589257		1779939		2383854	
   90.9363		5500926		2589989		1782684		2387729	
   91.1327		5488593		2590146		1754806		2383262	
   91.3334		5507355		2589832		1742535		2386491	
   91.5301		5506309		2594850		1763148		2387783	
   91.7305		5505421		2590512		1732416		2386276	
   91.9276		5505473		2590198		1772728		2389397	
   92.1289		5511170		2589623		1828754		2387245	
   92.3269		5498888		2589101		1804643		2384554	
   92.5259		5493087		2586801		1806903		2384016	
   92.7264		5505003		2592968		1819121		2391389	
   92.9192		5503540		2589257		1801360		2386922	
   93.1203		5502442		2590093		1809325		2387191	
   93.3186		5502494		2592341		1756958		2382347	
   93.5168		5502965		2592289		1777464		2387998	
   93.7133		5500665		2589205		1750392		2384607	
   93.9145		5506100		2590564		1720522		2384500	
   94.1110		5495544		2589937		1773965		2385253	
   94.3112		5496641		2592079		1689630		2385522	
   94.5083		5504167		2588839		1764009		2383746	
   94.7088		5512006		2592236		1772136		2383477	
   94.9056		5499097		2589466		1827839		2384769	
   95.1067		5499672		2591504		1876816		2384554	
   95.3025		5509811		2588996		1819390		2386222	
   95.5030		5498418		2592759		1830638		2378472	
   95.7002		5500979		2590093		1760726		2381540	
   95.9014		5502494		2591766		1736184		2381755	
   96.0973		5497791		2591296		1794471		2378526	
   96.2985		5504062		2588421		1769767		2382293	
   96.4943		5502860		2591452		1744903		2385146	
   96.6950		5501972		2590668		1767077		2386491	
   96.8924		5502076		2587690		1775419		2384123	
   97.0885		5501658		2590459		1807496		2384338	
   97.2894		5498209		2593020		1843716		2385092	
   97.4864		5502808		2589623		1841940		2381486	
   97.6870		5510177		2590459		1686508		2380679	
   97.8833		5488332		2591870		1784030		2383639	
   98.0865		5500822		2591714		1754106		2383800	
   98.2817		5496746		2590878		1759919		2386330	
   98.4812		5497738		2592602		1754321		2378526	
   98.6778		5502965		2593856		1767938		2384285	
   98.8783		5501972		2591975		1771597		2382616	
   99.0748		5495544		2589989		1660674		2383208	
   99.2755		5500090		2589989		1750500		2381378	
   99.4732		5496693		2592759		1842263		2390044	
   99.6736		5508295		2590616		1787205		2387729	
   99.8693		5501606		2588578		1806419		2382347	
  100.0706		5497164		2589780		1780263		2383208	
  100.2680		5498470		2592132		1705076		2383101	
  100.4697		5499620		2590982		1799100		2380679	
  100.6759		5500456		2589728		1698887		2381647	
  100.8644		5498000		2591296		1804966		2386922	
  101.0655		5506466		2590041		1828593		2385522	
  101.2581		5489011		2590459		1785106		2379010	
  101.4596		5494394		2590251		1868796		2381486	
  101.6561		5496589		2591923		1825256		2386599	
  101.8562		5503017		2589414		1802221		2385522	
  102.0527		5491572		2588735		1803943		2387352	
  102.2542		5499515		2590251		1824879		2387245	
  102.4503		5515978		2590878		1783330		2386060	
  102.6505		5500770		2590721		1771221		2383316	
  102.8474		5509027		2591504		1838388		2384231	
  103.0478		5513469		2591296		1799853		2389021	
  103.2444		5496902		2589362		1793018		2378095	
  103.4449		5493140		2592079		1750338		2389720	
  103.6417		5491729		2592498		1774396		2383639	
  103.8423		5493558		2586069		1756958		2386814	
  104.0392		5503226		2588996		1712718		2384554	
  104.2403		5503958		2589937		1798561		2384069	
  104.4373		5500822		2591400		1823426		2381647	
  104.6375		5505160		2593334		1821273		2383692	
  104.8343		5505473		2588996		1867182		2386060	
  105.0344		5486921		2590930		1740866		2379872	
  105.2313		5496380		2593386		1785537		2382132	
  105.4278		5505369		2591400		1808357		2389397	
  105.6280		5504689		2588108		1899743		2383800	
  105.8260		5513731		2588265		1790435		2386922	
  106.0264		5505787		2590721		1781070		2385684	
  106.2233		5507825		2591662		1821919		2388321	
  106.4231		5506780		2592759		1834944		2379602	
  106.6203		5509341		2590459		1840433		2385522	
  106.8207		5496380		2590564		1834136		2388106	
  107.0173		5495335		2590355		1778648		2384392	
  107.2176		5506623		2590878		1837258		2387514	
  107.4144		5504533		2588160		1836074		2386222	
  107.6148		5500509		2589466		1915512		2385684	
  107.8123		5492147		2589676		1831984		2383262	
  108.0118		5498000		2590041		1874340		2384338	
  108.2089		5502233		2591609		1864921		2387514	
  108.4111		5500770		2594275		1838442		2381916	
  108.6079		5503540		2591243		1858570		2387514	
  108.8064		5501815		2588839		1860024		2384823	
  109.0032		5503226		2591766		1785752		2383370	
  109.2047		5502756		2590668		1795547		2385038	
  109.4016		5503122		2592027		1807657		2383854	
  109.5978		5508975		2591139		1788766		2385253	
  109.7981		5500247		2590773		1866105		2379979	
  109.9944		5497216		2589728		1853027		2386975	
  110.2016		5501397		2592027		1846084		2387137	
  110.3924		5503174		2588578		1817936		2382831	
  110.5924		5499986		2593281		1848668		2385253	
  110.7900		5497738		2588474		1775526		2386814	
  110.9907		5499829		2588682		1762610		2390366	
  111.1870		5504742		2591452		1808357		2385038	
  111.3876		5499150		2590355		1869012		2382616	
  111.5841		5509184		2591870		1815568		2386868	
  111.7845		5506153		2590407		1825095		2384285	
  111.9812		5500561		2587794		1784998		2381378	
  112.1816		5505630		2589885		1781285		2385899	
  112.3790		5503435		2590930		1777464		2384177	
  112.5798		5495021		2592027		1813308		2386545	
  112.7767		5497268		2590198		1812770		2381163	
  112.9767		5500561		2592654		1808895		2385199	
  113.1738		5504114		2592445		1829131		2384123	
  113.3700		5508609		2590146		1790435		2384931	
  113.5705		5503696		2587428		1781339		2385899	
  113.7669		5495439		2589519		1742696		2383585	
  113.9684		5493244		2592027		1830638		2387460	
  114.1649		5499777		2591296		1887849		2385792	
  114.3659		5502494		2593438		1865298		2389828	
  114.5624		5494028		2589937		1822457		2387299	
  114.7628		5510647		2588996		1853727		2384984	
  114.9590		5504010		2590668		1832576		2384661	
  115.1599		5500665		2590355		1864814		2381432	
  115.3561		5500143		2590512		1855288		2382024	
  115.5576		5506727		2591662		1807872		2385469	
  115.7541		5492722		2591400		1820681		2382885	
  115.9542		5501397		2590146		1859916		2385092	
  116.1512		5501658		2590773		1811909		2384392	
  116.3534		5502756		2589310		1770252		2386868	
  116.5481		5498888		2589623		1751738		2385845	
  116.7500		5498313		2590355		1859163		2385146	
  116.9468		5487600		2590041		1739736		2380033	
  117.1497		5507355		2589205		1803082		2385415	
  117.3433		5498418		2589101		1813954		2387406	
  117.5399		5513312		2592132		1805074		2386384	
  117.7404		5515612		2587271		1765301		2384231	
  117.9367		5503069		2591243		1758358		2383047	
  118.1382		5497791		2589519		1794256		2386545	
  118.3346		5499307		2592393		1804966		2390689	
  118.5350		5504898		2590251		1876223		2383316	
  118.7311		5509079		2591087		1841456		2386276	
  118.9322		5500926		2590564		1826601		2382347	
  119.1288		5502233		2590146		1839195		2387729	
  119.3292		5492774		2591766		1839841		2383854	
  119.5260		5502076		2592393		1799530		2381163	
  119.7261		5498993		2590407		1838280		2384338	
  119.9228		5503383		2589571		1788497		2389344	
  120.1243		5488750		2592864		1817506		2384500	
  120.3214		5509915		2590198		1821381		2386599	
  120.5215		5497111		2590146		1874125		2384984	
  120.7181		5507407		2591766		1769283		2384069	
  120.9187		5497373		2589153		1841079		2384177	
  121.1157		5501972		2587324		1829615		2384554	
  121.3156		5499777		2589310		1803889		2388214	
  121.5126		5504062		2592184		1826117		2383047	
  121.7092		5489011		2592968		1778325		2383154	
  121.9093		5495021		2589466		1800660		2387137	
  122.1069		5503226		2591975		1846407		2381809	
  122.3071		5503905		2592132		1851251		2385092	
  122.5032		5503958		2589623		1820251		2386599	
  122.7045		5500352		2592079		1816699		2385469	
  122.9013		5485510		2587951		1828108		2384231	
  123.1013		5505944		2590982		1829454		2389936	
  123.2978		5489325		2590616		1835482		2384446	
  123.4994		5498523		2589728		1867074		2383585	
  123.6959		5504951		2590616		1792533		2383854	
  123.8964		5505891		2589937		1822888		2383316	
  124.0948		5497791		2590930		1730587		2382616	
  124.2936		5494028		2590616		1737691		2383800	
  124.4903		5496171		2590564		1814815		2386114	
  124.6904		5495648		2590564		1852381		2390420	
  124.8871		5503226		2590825		1758681		2387783	
  125.0885		5492931		2587010		1809487		2382186	
  125.2842		5501763		2589048		1800822		2384607	
  125.4853		5499724		2590407		1794794		2388536	
  125.6822		5498052		2589101		1739198		2381325	
  125.8787		5511797		2591191		1781500		2388859	
  126.0789		5499724		2589780		1772136		2385576	
  126.2764		5501397		2592498		1849906		2384231	
  126.4766		5499672		2590459		1810186		2387998	
  126.6730		5501240		2587428		1838603		2386276	
  126.8765		5498470		2589780		1817237		2382509	
  127.0710		5495021		2591087		1832576		2386922	
  127.2716		5495491		2589205		1843501		2389613	
  127.4682		5485144		2591557		1869066		2382724	
  127.6691		5489272		2591296		1770198		2383477	
  127.8658		5508557		2589519		1807172		2386276	
  128.0657		5504742		2588265		1837204		2388160	
  128.2686		5498732		2592184		1857279		2385576	
  128.4626		5499515		2593177		1852328		2383746	
  128.6599		5497321		2589832		1752868		2383800	
  128.8602		5499934		2592759		1811047		2386760	
  129.0578		5504585		2588787		1798723		2388160	
  129.2575		5499097		2592079		1824449		2386276	
  129.4546		5500456		2589937		1857979		2386330	
  129.6513		5500038		2591557		1868151		2385146	
  129.8520		5493819		2589362		1854480		2386114	
  130.0483		5497059		2590825		1784084		2381217	
  130.2492		5495753		2590198		1808679		2386222	
  130.4454		5493714		2591348		1821758		2386545	
  130.6458		5507093		2589728		1797216		2380194	
  130.8434		5506153		2589048		1828754		2383962	
  131.0435		5509184		2590093		1867074		2385630	
  131.2398		5506623		2589310		1808087		2383101	
  131.4418		5500195		2591400		1799961		2382885	
  131.6383		5493558		2586331		1760564		2384769	
  131.8386		5505264		2591870		1815676		2388644	
  132.0357		5501710		2589257		1804751		2384661	
  132.2359		5504480		2590251		1711319		2380087	
  132.4322		5489272		2590041		1755344		2386599	
  132.6327		5502129		2591818		1787851		2386437	
  132.8318		5501188		2591400		1778433		2383316	
  133.0294		5496641		2590564		1775257		2381486	
  133.2266		5493610		2590825		1778486		2384500	
  133.4267		5497059		2590198		1814869		2383746	
  133.6242		5504219		2587167		1762717		2380840	
  133.8241		5490892		2590407		1827786		2380786	
  134.0216		5496902		2589989		1758573		2388429	
  134.2179		5499515		2586697		1793072		2386114	
  134.4182		5502337		2590146		1747217		2384984	
  134.6159		5499620		2590303		1744634		2382186	
  134.8163		5512424		2591662		1813846		2388644	
  135.0125		5490736		2591714		1846246		2385630	
  135.2134		5491467		2591243		1768261		2384069	
  135.4099		5503801		2592498		1802867		2385038	
  135.6108		5505578		2591975		1824556		2382670	
  135.8080		5508557		2590251		1772243		2385415	
  136.0079		5495439		2589832		1853189		2384877	
  136.2044		5497634		2590459		1870626		2386007	
  136.4049		5500926		2589571		1851413		2382562	
  136.6017		5504689		2591452		1907224		2387944	
  136.8021		5503644		2592184		1799907		2385415	
  136.9989		5492460		2590668		1808949		2385307	
  137.1992		5496641		2594013		1848775		2384661	
  137.3972		5494080		2592968		1832038		2387675	
  137.5976		5493505		2589885		1797539		2381970	
  137.7937		5488698		2592654		1824341		2386599	
  137.9935		5480911		2592393		1876654		2382885	
  138.1905		5499097		2592132		1821219		2384554	
  138.3894		5502756		2592498		1832683		2386922	
  138.5883		5503958		2588474		1790596		2384607	
  138.7845		5502129		2591870		1841402		2383800	
  138.9871		5498261		2591348		1841510		2380571	
  139.1824		5510543		2589048		1785752		2389505	
  139.3827		5498366		2591087		1859862		2383154	
  139.5793		5503905		2591557		1779348		2384285	
  139.7803		5489220		2585390		1792049		2384231	
  139.9772		5495962		2590773		1913844		2383531	
  140.1778		5494394		2590041		1864491		2384016	
  140.3737		5491676		2590930		1819013		2382778	
  140.5750		5503592		2591662		1775365		2392358	
  140.7717		5495282		2590564		1846084		2387514	
  140.9718		5500090		2590668		1783222		2384231	
  141.1686		5505578		2591034		1835320		2386922	
  141.3690		5506414		2590512		1847537		2385684	
  141.5659		5501240		2590093		1865890		2386222	
  141.7660		5495700		2591296		1818044		2387675	
  141.9631		5501345		2590721		1847484		2379872	
  142.1631		5511118		2592602		1867559		2384016	
  142.3603		5501972		2589519		1842748		2387406	
  142.5580		5491572		2587846		1787152		2384285	
  142.7581		5496746		2593125		1853296		2384823	
  142.9546		5495910		2588578		1856633		2382562	
  143.1560		5498575		2591714		1787474		2387944	
  143.3522		5496850		2588944		1827839		2381647	
  143.5522		5495178		2590982		1842371		2383854	
  143.7498		5484255		2590459		1845439		2388106	
  143.9520		5493924		2587585		1830746		2385361	
  144.1466		5494185		2590459		1846730		2385630	
  144.3470		5496380		2591557		1820305		2390044	
  144.5434		5497948		2592968		1908408		2381109	
  144.7449		5500195		2587533		1785913		2382831	
  144.9415		5500874		2592236		1800337		2381540	
  145.1417		5500352		2589414		1812555		2382616	
  145.3384		5500143		2590407		1855341		2386491	
  145.5427		5499620		2593020		1839734		2382885	
  145.7359		5496171		2589205		1842748		2383262	
  145.9359		5504637		2589832		1810563		2387137	
  146.1342		5491363		2589623		1838280		2388913	
  146.3328		5491572		2589885		1818313		2380087	
  146.5327		5507773		2589728		1855341		2383370	
  146.7263		5492774		2590512		1808625		2384554	
  146.9277		5492251		2587794		1830477		2384769	
  147.1241		5494812		2591870		1771544		2384500	
  147.3244		5503174		2591609		1886880		2385415	
  147.5220		5505316		2591087		1793717		2388267	
  147.7223		5506519		2591766		1828754		2387352	
  147.9190		5491624		2589728		1846030		2391389	
  148.1192		5498523		2590773		1747647		2382132	
  148.3159		5486868		2589937		1911745		2386599	
  148.5174		5502181		2591818		1856848		2382132	
  148.7138		5495491		2590146		1772082		2387191	
  148.9142		5499463		2588944		1774880		2387083	
  149.1110		5492094		2592027		1807711		2384123	
  149.3111		5497948		2587585		1822134		2381863	
  149.5079		5489952		2589676		1791403		2385522	
  149.7080		5506780		2592132		1748078		2387729	
  149.9056		5497268		2591400		1787905		2382024	
  150.1054		5485980		2590146		1810133		2384877	
  150.3030		5503278		2590198		1762986		2382132	
  150.5033		5497216		2588944		1789089		2386975	
  150.6997		5502912		2591296		1826332		2385146	
  150.8964		5510124		2591662		1858624		2388267	
  151.0976		5499411		2592236		1835105		2385092	
  151.2940		5499881		2590721		1789520		2380248	
  151.4943		5500561		2591243		1854373		2385307	
  151.6905		5509132		2591975		1856364		2383316	
  151.8920		5488541		2591034		1817021		2384016	
  152.0884		5500090		2588160		1825740		2382939	
  152.2886		5504585		2589466		1804535		2384984	
  152.4851		5502233		2590721		1821004		2383962	
  152.6867		5498261		2590825		1745441		2381916	
  152.8831		5490683		2591714		1755397		2387729	
  153.0836		5496485		2588682		1794902		2383423	
  153.2803		5498052		2588578		1795924		2379979	
  153.4806		5496746		2589728		1798884		2383316	
  153.6782		5498941		2592393		1855557		2384931	
  153.8796		5495387		2591034		1749639		2384338	
  154.0760		5505630		2591662		1826332		2382024	
  154.2747		5482217		2590512		1819390		2387406	
  154.4719		5494864		2588996		1761641		2386922	
  154.6730		5504062		2589832		1784514		2384823	
  154.8689		5497007		2593177		1877461		2383908	
  155.0667		5495021		2591714		1804105		2385361	
  155.2671		5506205		2589571		1828108		2382885	
  155.4631		5496014		2590355		1839572		2383316	
  155.6643		5491729		2590459		1768422		2382993	
  155.8629		5499777		2586488		1783869		2385038	
  156.0611		5504167		2590355		1773643		2383154	
  156.2585		5489743		2591609		1865944		2385576	
  156.4585		5503853		2587533		1779778		2385361	
  156.6552		5501763		2590198		1757174		2385361	
  156.8554		5497164		2589832		1814923		2381647	
  157.0532		5490788		2589989		1747809		2384607	
  157.2540		5495753		2592027		1811317		2386222	
  157.4496		5498052		2591139		1873317		2386545	
  157.6499		5499934		2588839		1851951		2383585	
  157.8467		5483105		2588892		1841241		2385199	
  158.0481		5485196		2589989		1850928		2387083	
  158.2439		5497634		2591504		1815245		2386814	
  158.4455		5501763		2588996		1843824		2382132	
  158.6518		5500299		2592393		1815353		2383639	
  158.8426		5495178		2591191		1812662		2386222	
  159.0399		5502808		2593229		1786398		2384715	
  159.2359		5498418		2589780		1894684		2386707	
  159.4362		5513678		2589362		1799315		2386437	
  159.6367		5495335		2588735		1801360		2387029	
  159.8333		5493767		2590564		1833867		2383531	
  160.0383		5500561		2591400		1849098		2383962	
  160.2307		5496693		2590825		1831123		2382724	
  160.4274		5501136		2589780		1834082		2384769	
  160.6287		5507668		2589571		1776011		2378364	
  160.8251		5495387		2590303		1893231		2390366	
  161.0257		5495230		2587846		1837635		2385307	
  161.2225		5503958		2591714		1818206		2387675	
  161.4231		5495230		2586853		1721276		2386384	
  161.6196		5499620		2589885		1767399		2380733	
  161.8199		5496432		2588735		1824879		2389559	
  162.0173		5500874		2591087		1851143		2389828	
  162.2179		5485091		2589414		1830907		2382885	
  162.4140		5505735		2591139		1787205		2387029	
  162.6142		5501867		2590198		1812716		2384338	
  162.8114		5495125		2591034		1792049		2380517	
  163.0117		5491938		2591662		1876385		2381916	
  163.2095		5489534		2590198		1855718		2379872	
  163.4057		5487757		2588212		1818259		2390205	
  163.6085		5496955		2591714		1808679		2387299	
  163.8025		5497477		2591557		1845385		2387299	
  164.0037		5476103		2592498		1816429		2383101	
  164.2007		5415009		2587115		1759219		2382724	
  164.4003		5346809		2587115		1838711		2382455	
  164.5984		5350676		2587951		1798077		2385576	
  164.7987		5354543		2582986		1796247		2383047	
  164.9943		5399697		2588996		1936018		2384984	
  165.1947		5492826		2587690		1859916		2386653	
  165.3914		5501136		2591818		1846354		2384338	
  165.5929		5481486		2590564		1805988		2384285	
  165.7895		5508243		2590668		1823211		2393811	
  165.9899		5495753		2591870		1865352		2387783	
  166.1867		5499986		2591766		1817936		2385953	
  166.3867		5501188		2591923		1875578		2384877	
  166.5837		5497373		2590773		1813147		2387729	
  166.7836		5493140		2593125		1924446		2386975	
  166.9817		5493662		2590668		1801091		2388321	
  167.1780		5492983		2590825		1886503		2385522	
  167.3819		5503853		2593281		1839195		2389720	
  167.5793		5512058		2589048		1877354		2385630	
  167.7754		5500090		2592341		1807119		2385576	
  167.9718		5499411		2590825		1826063		2385361	
  168.1730		5492199		2591034		1879507		2386707	
  168.3694		5496955		2589519		1918096		2386330	
  168.5706		5501292		2590616		1850874		2388160	
  168.7674		5500822		2590878		1902434		2386707	
  168.9678		5500352		2591348		1914867		2383800	
  169.1644		5501031		2590041		1847484		2393219	
  169.3657		5494969		2591557		1915674		2387029	
  169.5608		5497791		2588369		1861531		2389129	
  169.7628		5491049		2592654		1833760		2388859	
  169.9593		5497007		2588578		1881982		2386599	
  170.1595		5500613		2590303		1897913		2386222	
  170.3565		5502703		2591557		1884243		2387352	
  170.5568		5486137		2590459		1860239		2386222	
  170.7527		5495857		2592550		1894630		2384877	
  170.9506		5494080		2592602		1874447		2385361	
  171.1530		5495596		2589676		1828378		2387191	
  171.3607		5497268		2592079		1857064		2386168	
  171.5481		5504480		2589989		1874125		2383370	
  171.7444		5504742		2589937		1859539		2388429	
  171.9449		5476939		2590668		1810994		2388913	
  172.1420		5497634		2590459		1891239		2384285	
  172.3421		5492669		2592132		1805020		2387621	
  172.5388		5498941		2590878		1863791		2386168	
  172.7395		5493819		2591400		1811209		2384554	
  172.9361		5498261		2592811		1829454		2392142	
  173.1375		5497738		2590616		1864652		2385307	
  173.3427		5501083		2593438		1817344		2382293	
  173.5345		5500926		2590668		1844039		2385038	
  173.7315		5498888		2590251		1928160		2383047	
  173.9316		5493610		2590093		1804697		2382509	
  174.1280		5490945		2588996		1810671		2387998	
  174.3420		5480283		2588003		1791672		2387783	
  174.5255		5513260		2592968		1895007		2386330	
  174.7257		5502599		2594797		1845546		2385361	
  174.9242		5493140		2592602		1840756		2388644	
  175.1270		5498784		2590041		1869012		2385415	
  175.3199		5499515		2591714		1785913		2392142	
  175.5175		5497530		2590459		1846515		2390743	
  175.7193		5500090		2588369		1899904		2386276	
  175.9143		5502547		2590303		1882305		2387890	
  176.1143		5502703		2590982		1886127		2386114	
  176.3119		5497216		2591923		1877515		2381863	
  176.5119		5499202		2591243		1804804		2384715	
  176.7094		5504010		2591662		1854373		2385361	
  176.9095		5503331		2588578		1821812		2385307	
  177.1059		5501292		2587846		1793502		2385899	
  177.3062		5499724		2590616		1833975		2386007	
  177.5041		5502285		2589153		1832576		2384715	
  177.7043		5504010		2592289		1873048		2384715	
  177.9012		5497007		2591243		1847860		2386922	
  178.1013		5503801		2589623		1822350		2388429	
  178.2979		5499515		2589623		1774880		2388913	
  178.4982		5507407		2591714		1828754		2384177	
  178.6951		5496902		2586801		1883005		2384877	
  178.8952		5489586		2591714		1827409		2386437	
  179.0924		5487077		2590721		1857279		2385253	
  179.2929		5492774		2588630		1854911		2387568	
  179.4898		5498836		2588996		1869927		2387245	
  179.6860		5500299		2589571		1806096		2385792	
  179.8874		5502703		2591139		1835428		2383746	
  180.0839		5499359		2589310		1806957		2391066	
  180.2845		5503122		2591296		1839734		2386599	
  180.4807		5490004		2590041		1832899		2385469	
  180.6823		5490526		2591452		1908031		2388429	
  180.8785		5501345		2591400		1754429		2384016	
  181.0786		5498209		2592445		1863199		2384123	
  181.2768		5500456		2594327		1868796		2389129	
  181.4800		5491415		2589885		1823426		2383908	
  181.6743		5502024		2591087		1898828		2384069	
  181.8735		5493976		2592184		1857925		2387890	
  182.0705		5502285		2591818		1852758		2387998	
  182.2711		5501345		2591034		1831661		2386384	
  182.4677		5496537		2590564		1867666		2383154	
  182.6679		5506519		2590982		1845385		2381647	
  182.8651		5496641		2590721		1915781		2385092	
  183.0648		5498157		2591191		1790111		2385469	
  183.2622		5501031		2591870		1843339		2383477	
  183.4618		5498470		2590303		1876923		2387675	
  183.6593		5500718		2591870		1835374		2387621	
  183.8557		5497059		2588212		1857117		2387621	
  184.0572		5503958		2591400		1769229		2389990	
  184.2593		5495125		2593334		1860454		2383585	
  184.4553		5488070		2591296		1859055		2386384	
  184.6505		5492042		2593700		1827893		2384231	
  184.8519		5504167		2590303		1743181		2387621	
  185.0489		5492251		2590721		1840326		2384069	
  185.2487		5501345		2591609		1813846		2387191	
  185.4455		5496850		2589676		1922832		2383746	
  185.6458		5503331		2592445		1874986		2388375	
  185.8422		5499672		2589153		1834190		2386760	
  186.0438		5499620		2590878		1816645		2385522	
  186.2405		5492512		2593700		1817129		2391120	
  186.4419		5501345		2591662		1751146		2386545	
  186.6376		5495439		2594170		1742642		2385953	
  186.8376		5504637		2589101		1824664		2384016	
  187.0349		5502285		2593909		1792372		2387191	
  187.2374		5502129		2589780		1821542		2385953	
  187.4316		5488802		2592027		1831015		2386814	
  187.6281		5501815		2592550		1821596		2382562	
  187.8289		5491676		2591400		1812770		2381378	
  188.0257		5504480		2587742		1810402		2383531	
  188.2265		5495073		2589780		1803943		2386168	
  188.4228		5501397		2589153		1824987		2387029	
  188.6242		5490422		2589414		1811855		2385146	
  188.8205		5496119		2594013		1827409		2383370	
  189.0205		5495805		2595111		1866428		2382616	
  189.2181		5502965		2590407		1826655		2385038	
  189.4181		5495230		2591714		1848775		2382670	
  189.6151		5489377		2590878		1791511		2386060	
  189.8192		5512581		2592393		1858840		2381486	
  190.0119		5498575		2589989		1819013		2384607	
  190.2137		5497634		2589989		1815299		2384500	
  190.4091		5499568		2591296		1869981		2383370	
  190.6098		5493192		2588003		1838819		2385307	
  190.8067		5490109		2591504		1821435		2381863	
  191.0075		5502024		2590041		1870734		2386868	
  191.2040		5496066		2592184		1815138		2385146	
  191.4041		5497164		2588996		1843663		2384769	
  191.6013		5501815		2590878		1832522		2386168	
  191.7975		5502390		2592498		1854104		2384607	
  191.9992		5484099		2590198		1848829		2390312	
  192.1955		5499045		2591504		1875416		2385092	
  192.3975		5498732		2589832		1836128		2386922	
  192.5942		5498627		2592236		1876062		2384338	
  192.7928		5497948		2591296		1842263		2387783	
  192.9941		5513835		2590668		1862930		2390312	
  193.1902		5515559		2590041		1814546		2386814	
  193.3871		5504742		2592550		1826871		2390851	
  193.5881		5500352		2588892		1837958		2388160	
  193.7847		5498418		2589832		1826063		2388483	
  193.9850		5494080		2591504		1868689		2387998	
  194.1818		5487704		2591609		1855341		2390366	
  194.3833		5493558		2592079		1820466		2388267	
  194.5897		5508400		2590668		1844685		2384607	
  194.7800		5498941		2591766		1826171		2384069	
  194.9765		5494342		2587533		1847107		2389882	
  195.1768		5506153		2590878		1859378		2390958	
  195.3733		5494551		2590668		1899635		2387406	
  195.5747		5489795		2591609		1898774		2384392	
  195.7719		5494812		2590721		1777141		2388106	
  195.9719		5495335		2589728		1864814		2381863	
  196.1688		5494446		2592550		1829454		2386599	
  196.3654		5497373		2592027		1879184		2388321	
  196.5661		5504898		2590459		1847430		2390635	
  196.7623		5486921		2590616		1792264		2388805	
  196.9626		5492199		2590668		1834190		2385092	
  197.1601		5492512		2592445		1898021		2386222	
  197.3601		5493505		2590512		1871918		2384069	
  197.5564		5512790		2590616		1839465		2381271	
  197.7577		5507302		2591034		1797431		2385469	
  197.9543		5502129		2590093		1870196		2387460	
  198.1553		5499202		2591557		1813792		2389505	
  198.3520		5500770		2590878		1833867		2381970	
  198.5520		5503749		2588265		1871541		2386060	
  198.7485		5493767		2589466		1831176		2386007	
  198.9501		5497530		2590407		1829992		2384231	
  199.1590		5496589		2589362		1861638		2386545	
  199.3462		5496223		2588212		1818367		2388052	
  199.5427		5494655		2593543		1802544		2384661	
  199.7437		5483994		2590512		1841510		2387352	
  199.9415		5500613		2588892		1853673		2387783	
  200.1415		5497059		2590930		1799530		2384769	
  200.3401		5494133		2590093		1847753		2385146	
  200.5387		5499202		2590773		1794256		2385899	
  200.7361		5497686		2590303		1826871		2386599	
  200.9371		5497530		2588369		1835267		2380302	
  201.1331		5493714		2592236		1717562		2386007	
  201.3297		5498575		2590459		1879507		2386653	
  201.5298		5497477		2590198		1828162		2387137	
  201.7261		5497007		2590355		1902488		2385092	
  201.9291		5503958		2591504		1895545		2386437	
  202.1243		5497373		2592132		1737314		2386276	
  202.3257		5488018		2589153		1846676		2385953	
  202.5216		5502233		2592707		1835858		2382293	
  202.7258		5500561		2589205		1789412		2388106	
  202.9179		5493297		2591400		1866482		2386222	
  203.1199		5494969		2590825		1831714		2386760	
  203.3161		5493140		2592079		1882790		2379656	
  203.5164		5504062		2590773		1782146		2385522	
  203.7132		5495021		2590459		1855288		2385792	
  203.9138		5492512		2590407		1802544		2388052	
  204.1144		5499881		2592707		1870896		2385146	
  204.3109		5496014		2590251		1853404		2386922	
  204.5086		5494655		2590303		1860724		2382993	
  204.7096		5493871		2587951		1866644		2389290	
  204.9051		5500038		2590773		1864975		2387029	
  205.1080		5499411		2592393		1802598		2384177	
  205.3024		5500247		2590878		1934780		2379441	
  205.4984		5488332		2590930		1902595		2382831	
  205.6989		5496066		2591034		1854157		2383047	
  205.8965		5504794		2592184		1922455		2388590	
  206.0970		5499568		2589414		1837312		2385845	
  206.2933		5509602		2591975		1900066		2385899	
  206.4941		5502129		2591296		1838334		2380356	
  206.6926		5496641		2588160		1855611		2388644	
  206.8914		5490997		2589153		1833813		2384554	
  207.0879		5496380		2589257		1873479		2386599	
  207.2882		5492565		2590982		1822727		2382993	
  207.4848		5498679		2592079		1853242		2384877	
  207.6866		5500352		2588996		1863038		2382993	
  207.8837		5493714		2593229		1895061		2385738	
  208.0836		5500195		2588474		1894738		2386653	
  208.2800		5490265		2590616		1852489		2383692	
  208.4818		5499411		2590303		1927783		2388483	
  208.6772		5493610		2589728		1904910		2378903	
  208.8771		5498104		2590303		1899366		2392465	
  209.0751		5505264		2591452		1855503		2388052	
  209.2752		5494498		2590407		1820036		2384823	
  209.4723		5496223		2590198		1852758		2387406	
  209.6688		5491572		2591504		1849152		2384069	
  209.8694		5484099		2591504		1917934		2385576	
  210.0654		5483628		2590564		1830477		2387729	
  210.2669		5498732		2589989		1902165		2383692	
  210.4667		5497321		2589728		1809756		2383370	
  210.6638		5494655		2590146		1881175		2387137	
  210.8601		5498784		2589676		1832091		2388913	
  211.0641		5495596		2591296		1880153		2389182	
  211.2577		5500561		2590459		1820951		2389613	
  211.4581		5489011		2590093		1926868		2388698	
  211.6551		5491049		2591609		1931766		2386545	
  211.8556		5500299		2590512		1836773		2388267	
  212.0522		5492356		2592184		1887687		2385307	
  212.2524		5497216		2591296		1888333		2388160	
  212.4490		5494446		2590668		1890271		2383962	
  212.6504		5493192		2590459		1823695		2384661	
  212.8474		5496275		2591504		1876385		2386384	
  213.0476		5496641		2590512		1871380		2385899	
  213.2446		5489952		2590146		1826817		2385038	
  213.4448		5491311		2591139		1860992		2381755	
  213.6412		5498470		2590878		1821004		2388052	
  213.8399		5503592		2593229		1885965		2384177	
  214.0382		5484726		2591609		1879560		2385522	
  214.2361		5498784		2590773		1846138		2389667	
  214.4357		5496066		2590198		1793879		2384554	
  214.6321		5494916		2591191		1865944		2379333	
  214.8363		5497843		2591452		1866428		2381970	
  215.0303		5497321		2591923		1826117		2385469	
  215.2303		5497530		2593125		1878430		2384984	
  215.4278		5497477		2588160		1816107		2384231	
  215.6277		5494498		2591348		1880314		2387299	
  215.8244		5491676		2591609		1842909		2386760	
  216.0251		5486032		2590616		1760295		2387191	
  216.2217		5500926		2591766		1853781		2386222	
  216.4230		5499307		2591191		1898774		2386168	
  216.6188		5489586		2587794		1827839		2381432	
  216.8197		5498261		2591557		1892908		2389290	
  217.0163		5496746		2589414		1869819		2389559	
  217.2167		5509027		2589885		1860508		2386653	
  217.4139		5495753		2591243		1814277		2379764	
  217.6137		5487234		2590512		1874663		2384069	
  217.8108		5497007		2586435		1794955		2390743	
  218.0072		5496902		2591662		1798185		2383854	
  218.2077		5499150		2592811		1848883		2391443	
  218.4054		5492565		2589937		1811424		2385845	
  218.6061		5515559		2592184		1923424		2384823	
  218.8027		5494133		2590930		1782308		2385146	
  219.0029		5491154		2593647		1907170		2386653	
  219.2008		5496955		2592289		1898343		2385953	
  219.4013		5497686		2592498		1811532		2385146	
  219.5970		5505996		2589989		1809702		2382455	
  219.7982		5498209		2592393		1889086		2380248	
  219.9946		5493035		2591348		1861315		2387514	
  220.1945		5499934		2592027		1868689		2380786	
  220.3913		5498993		2592289		1799046		2385792	
  220.5927		5496119		2588630		1885158		2386653	
  220.7892		5499777		2590198		1832522		2383692	
  220.9896		5493610		2591348		1843716		2387029	
  221.1860		5490579		2591243		1881982		2384607	
  221.3863		5489847		2587480		1895706		2386922	
  221.5842		5493297		2591609		1849044		2386384	
  221.7834		5501449		2590407		1833006		2382993	
  221.9916		5495125		2592811		1810402		2384931	
  222.1805		5489847		2591243		1897913		2383746	
  222.3776		5478925		2589414		1827624		2386330	
  222.5752		5497843		2591923		1895760		2384500	
  222.7759		5495648		2591034		1868312		2381271	
  222.9720		5500926		2591348		1814869		2385146	
  223.1722		5499045		2590512		1828701		2384661	
  223.3698		5491676		2591557		1819605		2387299	
  223.5702		5496537		2590093		1809971		2387299	
  223.7667		5492356		2592445		1838173		2383962	
  223.9694		5496693		2594640		1808034		2383908	
  224.1644		5504271		2591609		1839787		2383692	
  224.3728		5490213		2593543		1870949		2384446	
  224.5612		5498209		2589519		1837635		2387406	
  224.7617		5498209		2591400		1800983		2383423	
  224.9583		5491467		2590930		1872833		2390743	
  225.1584		5494760		2591191		1849313		2386330	
  225.3551		5497321		2589728		1874394		2387137	
  225.5561		5488436		2591609		1875847		2386007	
  225.7532		5489586		2588944		1863630		2385199	
  225.9535		5499672		2591714		1830154		2385845	
  226.1504		5492722		2588944		1819874		2391389	
  226.3519		5491520		2590251		1844093		2386814	
  226.5529		5487966		2589885		1871595		2384177	
  226.7464		5499620		2591452		1820197		2385792	
  226.9456		5490213		2591034		1866428		2384338	
  227.1419		5493714		2589728		1844308		2387890	
  227.3423		5490109		2592184		1885750		2388214	
  227.5385		5496485		2592550		1888225		2384661	
  227.7423		5495700		2590355		1865298		2386707	
  227.9411		5491676		2589832		1887257		2388052	
  228.1366		5501763		2591714		1799315		2387944	
  228.3337		5492774		2591400		1762986		2385253	
  228.5340		5490422		2591243		1825041		2388375	
  228.7305		5499777		2590146		1867720		2386760	
  228.9315		5492303		2591818		1844577		2379818	
  229.1288		5495962		2593073		1853781		2384661	
  229.3293		5480336		2591766		1832414		2384769	
  229.5268		5499515		2589571		1863899		2389182	
  229.7267		5497477		2590878		1789950		2386491	
  229.9270		5491781		2593073		1849421		2386814	
  230.1240		5492408		2588735		1811640		2375081	
  230.3206		5480702		2591034		1864222		2386491	
  230.5205		5490265		2588421		1769445		2388644	
  230.7176		5498836		2594588		1804804		2386114	
  230.9181		5495230		2593386		1770467		2386060	
  231.1151		5503801		2593386		1849367		2389828	
  231.3117		5502599		2588160		1886557		2381001	
  231.5124		5501449		2590093		1787367		2386975	
  231.7079		5481851		2589937		1823857		2386545	
  231.9106		5484255		2589676		1864652		2386330	
  232.1062		5497477		2592132		1886127		2386760	
  232.3087		5495648		2591191		1865352		2385899	
  232.5036		5488593		2590146		1855341		2383154	
  232.7069		5497791		2591087		1787367		2387137	
  232.9004		5485457		2592864		1834136		2388536	
  233.1007		5487861		2591504		1809325		2384069	
  233.2978		5495021		2589519		1874447		2384984	
  233.4982		5490683		2592707		1799261		2384123	
  233.6948		5495700		2592393		1835751		2384123	
  233.8951		5499150		2592445		1877192		2381916	
  234.0917		5478716		2587794		1892693		2386707	
  234.2935		5498418		2589310		1853135		2385038	
  234.4891		5507877		2592184		1860992		2384554	
  234.6907		5497686		2590721		1802221		2386922	
  234.8868		5496955		2593543		1867020		2379818	
  235.0866		5494289		2591870		1908193		2386491	
  235.2838		5498052		2591714		1840810		2386491	
  235.4828		5490892		2592864		1792049		2383154	
  235.6819		5493662		2590041		1863522		2385845	
  235.8781		5496275		2591870		1838550		2388644	
  236.0784		5493714		2590616		1853888		2384607	
  236.2785		5490788		2592289		1895545		2386168	
  236.4766		5498941		2590982		1875362		2387191	
  236.6746		5490892		2591662		1870734		2386760	
  236.8742		5502860		2589519		1852973		2386545	
  237.0717		5495753		2593125		1828485		2384715	
  237.2725		5494237		2591504		1836666		2383800	
  237.4678		5492669		2591609		1873479		2386707	
  237.6686		5487234		2591975		1829185		2382670	
  237.8646		5490109		2591191		1914328		2380033	
  238.0653		5501501		2590564		1792264		2384446	
  238.2617		5502233		2589571		1885373		2383531	
  238.4621		5494080		2590721		1797700		2388536	
  238.6614		5491624		2591348		1866482		2390635	
  238.8594		5490213		2590407		1825794		2384123	
  239.0581		5491676		2590355		1808249		2388644	
  239.2571		5505264		2591296		1828808		2386114	
  239.4543		5480231		2586749		1865460		2383370	
  239.6506		5498523		2591504		1869873		2385522	
  239.8557		5490526		2591087		1894307		2387514	
  240.0490		5496485		2589623		1828108		2386922	
  240.2517		5484412		2588578		1839841		2385576	
  240.4456		5495491		2594013		1857333		2387837	
  240.6455		5498732		2592550		1908569		2383423	
  240.8435		5486346		2589257		1890001		2385738	
  241.0429		5493871		2589728		1898075		2385630	
  241.2396		5496589		2589519		1832252		2383962	
  241.4407		5495125		2593281		1819820		2382778	
  241.6373		5497896		2588787		1840810		2383746	
  241.8372		5485927		2591975		1804804		2383262	
  242.0338		5489377		2588735		1808679		2386222	
  242.2352		5494655		2591243		1818851		2386922	
  242.4318		5495805		2589728		1883112		2385522	
  242.6317		5494498		2591348		1844254		2384069	
  242.8283		5496537		2594118		1866698		2386007	
  243.0300		5499202		2591139		1836020		2383423	
  243.2264		5507355		2593334		1901519		2385092	
  243.4266		5498575		2591662		1912175		2385738	
  243.6234		5499045		2590303		1835374		2384446	
  243.8235		5491990		2591139		1882467		2384607	
  244.0204		5496380		2589832		1922616		2382347	
  244.2217		5501763		2592236		1877461		2379979	
  244.4176		5502233		2589414		1853027		2382993	
  244.6150		5471660		2590564		1851951		2385199	
  244.8153		5488436		2590093		1784514		2385684	
  245.0117		5493662		2589728		1838819		2385899	
  245.2130		5496171		2590616		1871164		2387245	
  245.4094		5496955		2591557		1793879		2390420	
  245.6094		5504637		2591034		1861853		2382024	
  245.8070		5486085		2591034		1821919		2382132	
  246.0070		5494864		2591870		1862661		2387837	
  246.2036		5501710		2590616		1832522		2390151	
  246.4077		5497059		2588630		1865998		2384338	
  246.6014		5495282		2591609		1845169		2384123	
  246.8014		5488698		2590512		1885265		2388321	
  246.9979		5489272		2591923		1912444		2389667	
  247.1997		5500090		2588839		1853242		2384931	
  247.3963		5491363		2592550		1800553		2384338	
  247.5966		5497425		2587533		1803459		2385576	
  247.7933		5495910		2591557		1763740		2385953	
  247.9938		5487234		2590773		1883005		2387029	
  248.1907		5501710		2591452		1765731		2392411	
  248.3911		5491520		2590407		1859109		2387675	
  248.5881		5505003		2590982		1891078		2384016	
  248.7887		5494342		2589937		1820197		2383423	
  248.9852		5491833		2591191		1831984		2385792	
  249.1816		5493662		2590616		1857333		2386760	
  249.3819		5501606		2591034		1818690		2382239	
  249.5794		5494237		2590982		1780747		2385469	
  249.7800		5487704		2589885		1830100		2384715	
  249.9764		5502808		2589780		1845492		2387245	
  250.1764		5495700		2590303		1856095		2385415	
  250.3739		5494185		2591191		1808087		2386491	
  250.5828		5496327		2591191		1755182		2379279	
  250.7702		5502129		2591609		1831284		2380625	
  250.9716		5500770		2591139		1762448		2384984	
  251.1682		5499515		2591452		1828916		2390635	
  251.3690		5501972		2591609		1825956		2382509	
  251.5662		5499411		2591714		1850713		2386653	
  251.7660		5493924		2590093		1865460		2388214	
  251.9692		5486450		2592864		1852650		2387944	
  252.1631		5479029		2591191		1861369		2384016	
  252.3599		5478716		2593177		1869604		2383316	
  252.5606		5485719		2591662		1857279		2384446	
  252.7574		5484830		2591087		1748670		2384446	
  252.9619		5490997		2588787		1872402		2384823	
  253.1547		5485196		2591191		1837312		2387837	
  253.3582		5493349		2591348		1794471		2384446	
  253.5520		5484674		2591348		1835105		2387514	
  253.7490		5490997		2592132		1879130		2386437	
  253.9487		5498104		2590251		1802383		2385092	
  254.1454		5491833		2590041		1861423		2387783	
  254.3473		5493662		2590982		1806419		2384715	
  254.5430		5503435		2592132		1842478		2384607	
  254.7432		5497530		2591087		1846784		2386114	
  254.9411		5491311		2591034		1866321		2384877	
  255.1409		5489429		2590407		1790704		2384931	
  255.3376		5494394		2591400		1815192		2385307	
  255.5385		5494916		2589205		1798400		2379602	
  255.7343		5486555		2590407		1882090		2388967	
  255.9360		5492878		2590564		1859432		2386060	
  256.1327		5497373		2589466		1832360		2382939	
  256.3330		5488384		2587742		1850767		2387245	
  256.5295		5500090		2590721		1843878		2385146	
  256.7298		5488175		2590773		1872456		2391335	
  256.9265		5491520		2592289		1873533		2389720	
  257.1266		5482478		2590564		1798669		2388160	
  257.3236		5488750		2589101		1838065		2388859	
  257.5247		5490683		2592916		1845654		2388214	
  257.7219		5504219		2591191		1884835		2385469	
  257.9181		5492722		2589362		1872887		2387191	
  258.1186		5491415		2590721		1845223		2382939	
  258.3152		5501815		2588317		1869981		2378795	
  258.5164		5491467		2588787		1845869		2386330	
  258.7139		5497634		2589989		1831553		2383854	
  258.9128		5495125		2592079		1849421		2384500	
  259.1104		5491363		2589048		1804159		2383692	
  259.3108		5479761		2592289		1891993		2383423	
  259.5073		5498261		2589153		1845439		2380140	
  259.7085		5490997		2590825		1829669		2382993	
  259.9041		5487861		2591818		1827786		2387083	
  260.1057		5500613		2590303		1829023		2384984	
  260.3021		5495910		2591662		1819766		2383477	
  260.5028		5490736		2593700		1881444		2387837	
  260.6995		5488384		2588787		1825740		2384554	
  260.8997		5489481		2590041		1801737		2387299	
  261.0962		5499672		2592132		1780801		2386868	
  261.2967		5496380		2586906		1811317		2383101	
  261.4939		5495073		2591034		1807496		2381217	
  261.6951		5486868		2591348		1793987		2383101	
  261.8911		5481642		2587690		1868958		2383908	
  262.0872		5481642		2588212		1829831		2390851	
  262.2896		5491676		2590198		1911637		2384823	
  262.4854		5490736		2590982		1921217		2384769	
  262.6856		5493871		2590668		1805342		2382616	
  262.8818		5495700		2589832		1816268		2387029	
  263.0833		5489220		2590146		1800929		2385199	
  263.2846		5495439		2587376		1871972		2386491	
  263.4799		5485614		2591609		1837312		2387514	
  263.6764		5495596		2591766		1835482		2388214	
  263.8775		5494185		2592916		1937794		2387137	
  264.0749		5502024		2588160		1814331		2386868	
  264.2759		5485614		2591714		1807818		2386330	
  264.4726		5492826		2590093		1856687		2390474	
  264.6729		5486137		2590146		1827301		2385522	
  264.8685		5500352		2591923		1882951		2383208	
  265.0701		5491520		2591400		1824072		2384931	
  265.2666		5494551		2592550		1810079		2383962	
  265.4670		5481642		2590825		1847430		2385738	
  265.6640		5501031		2589153		1867881		2389720	
  265.8641		5491572		2590146		1912068		2385684	
  266.0608		5494028		2589623		1839895		2386168	
  266.2610		5493610		2592393		1875578		2384446	
  266.4580		5488227		2592027		1824556		2382401	
  266.6580		5495021		2589519		1846300		2383585	
  266.8549		5476521		2592184		1877461		2381970	
  267.0567		5489220		2589885		1822673		2384123	
  267.2571		5488123		2588578		1872672		2387029	
  267.4496		5496223		2589362		1806419		2386222	
  267.6512		5493819		2590355		1877408		2386653	
  267.8461		5501606		2590093		1876116		2386330	
  268.0475		5478768		2591870		1846084		2389021	
  268.2444		5496014		2588630		1858894		2389828	
  268.4442		5502547		2589048		1842532		2383585	
  268.6417		5494289		2589623		1791888		2387837	
  268.8417		5492147		2589466		1797108		2384231	
  269.0404		5495753		2592289		1861477		2389990	
  269.2396		5499777		2590407		1795494		2386007	
  269.4363		5486137		2589362		1878323		2389236	
  269.6365		5498418		2587690		1824072		2384285	
  269.8329		5513678		2590146		1882843		2386545	
  270.0334		5494969		2591662		1823534		2384877	
  270.2301		5491781		2591609		1729994		2383800	
  270.4306		5494760		2591191		1820251		2382778	
  270.6275		5491415		2591243		1810563		2387137	
  270.8282		5495857		2589205		1865567		2381809	
  271.0247		5490736		2592184		1821058		2385953	
  271.2246		5501710		2588055		1861423		2384069	
  271.4218		5496223		2589257		1879560		2386114	
  271.6185		5484203		2592393		1833867		2389290	
  271.8200		5511118		2592236		1760457		2391604	
  272.0161		5491990		2591400		1796516		2382616	
  272.2175		5491990		2590825		1850659		2389129	
  272.4147		5495857		2589885		1835320		2386975	
  272.6144		5500247		2593700		1844793		2386599	
  272.8105		5495596		2591243		1824287		2388375	
  273.0114		5487757		2592341		1888871		2387890	
  273.2080		5493087		2591766		1818044		2386922	
  273.4081		5489690		2590564		1855234		2385361	
  273.6061		5497216		2590251		1836182		2383746	
  273.8066		5495648		2589728		1770844		2386545	
  274.0022		5492094		2589362		1760887		2382831	
  274.2027		5500509		2592393		1819067		2388267	
  274.3996		5495596		2590825		1832360		2385684	
  274.6012		5487287		2591818		1871003		2383639	
  274.7966		5487652		2589832		1856149		2388644	
  274.9980		5513887		2592550		1825202		2387299	
  275.1948		5494655		2591034		1893661		2387514	
  275.3913		5495491		2588055		1880314		2381271	
  275.5921		5495805		2588421		1861531		2385953	
  275.7903		5495387		2591504		1864276		2383262	
  275.9889		5490945		2591191		1827893		2384123	
  276.1851		5492251		2591766		1845654		2380302	
  276.3871		5486973		2591139		1863145		2387406	
  276.5835		5491258		2590146		1906148		2388052	
  276.7841		5489429		2591975		1790973		2384016	
  276.9811		5483367		2591139		1785806		2383962	
  277.1815		5487704		2588787		1876331		2386437	
  277.3781		5489638		2589519		1822511		2385307	
  277.5784		5475684		2591243		1840110		2378957	
  277.7749		5472967		2591923		1762663		2384715	
  277.9754		5486032		2589780		1766754		2385146	
  278.1717		5495648		2590146		1753514		2383692	
  278.3724		5494655		2592498		1786828		2389236	
  278.5702		5500143		2592498		1784299		2383908	
  278.7703		5485771		2591034		1842424		2380786	
  278.9695		5484830		2589676		1854642		2381647	
  279.1693		5490840		2589885		1922778		2384769	
  279.3650		5489377		2594013		1923047		2384769	
  279.5647		5494603		2590251		1844039		2380356	
  279.7618		5487234		2592184		1825794		2387137	
  279.9581		5489168		2589571		1833167		2387299	
  280.1590		5486555		2588996		1888817		2387460	
  280.3553		5495439		2586697		1785537		2380733	
  280.5557		5490526		2590355		1792426		2386545	
  280.7534		5491990		2590982		1788820		2384446	
  280.9532		5499202		2589937		1821812		2385630	
  281.1495		5481747		2591557		1895652		2379010	
  281.3523		5489429		2590407		1849852		2384446	
  281.5475		5496798		2591766		1879560		2383908	
  281.7475		5501920		2591400		1852866		2387137	
  281.9451		5492356		2589676		1802705		2381916	
  282.1451		5492617		2588892		1787367		2386114	
  282.3417		5493871		2592759		1809864		2385038	
  282.5429		5485457		2592707		1852596		2388483	
  282.7394		5499150		2589362		1853565		2385253	
  282.9400		5498679		2592132		1800499		2384446	
  283.1365		5486502		2591452		1833167		2381432	
  283.3369		5489900		2590616		1789304		2386868	
  283.5336		5491467		2591034		1829346		2387568	
  283.7339		5491154		2590930		1869711		2384715	
  283.9306		5489952		2592236		1804589		2387837	
  284.1320		5499568		2591348		1830907		2382939	
  284.3289		5496223		2592916		1808949		2383908	
  284.5291		5488698		2590303		1740166		2382293	
  284.7260		5493035		2590093		1865783		2387406	
  284.9257		5494916		2589205		1856041		2383800	
  285.1227		5490683		2587271		1769122		2386060	
  285.3190		5504376		2589623		1831284		2388052	
  285.5219		5490161		2591557		1789089		2384500	
  285.7168		5487861		2588578		1820951		2383800	
  285.9178		5481224		2591557		1851574		2381432	
  286.1162		5485875		2590825		1816860		2386007	
  286.3149		5493610		2588421		1791888		2385469	
  286.5112		5496902		2592027		1843071		2388644	
  286.7124		5474430		2593700		1819390		2383047	
  286.9101		5492878		2590093		1829400		2388483	
  287.1095		5494185		2590198		1820143		2378741	
  287.3061		5494080		2592602		1852220		2384607	
  287.5066		5489586		2591400		1794094		2386653	
  287.7032		5492460		2588578		1816107		2377127	
  287.9039		5496798		2592498		1743342		2382293	
  288.1006		5493819		2589205		1832306		2383854	
  288.3016		5510334		2591087		1858248		2385038	
  288.4976		5488541		2588369		1821381		2384554	
  288.6986		5503487		2589832		1825686		2386384	
  288.8957		5499254		2589728		1861800		2387944	
  289.0955		5491676		2589832		1753083		2384607	
  289.2927		5487077		2591243		1809917		2383208	
  289.4896		5493453		2590773		1794094		2384446	
  289.6892		5494864		2591452		1825256		2383316	
  289.8869		5488070		2592498		1767669		2383639	
  290.0873		5494551		2588630		1835805		2387029	
  290.2835		5494916		2591662		1814492		2386814	
  290.4850		5486712		2589310		1830369		2390851	
  290.6817		5492356		2588839		1859324		2383908	
  290.8815		5488384		2591034		1888548		2381378	
  291.0778		5494916		2589048		1871757		2384177	
  291.2790		5501083		2592707		1835428		2383101	
  291.4763		5485875		2590041		1820681		2383908	
  291.6765		5484987		2591034		1860293		2383962	
  291.8730		5489063		2589676		1854265		2382831	
  292.0733		5494969		2591923		1832791		2381325	
  292.2698		5497268		2589310		1856256		2382670	
  292.4706		5493035		2592132		1862661		2383962	
  292.6674		5489795		2590616		1790004		2389397	
  292.8675		5491363		2589780		1798561		2387621	
  293.0650		5484674		2588892		1845923		2387406	
  293.2658		5482165		2589466		1754214		2384984	
  293.4624		5479186		2589780		1831714		2388214	
  293.6658		5501136		2592184		1822780		2387675	
  293.8589		5505473		2590564		1861315		2387029	
  294.0565		5489586		2591139		1813039		2384177	
  294.2569		5493767		2589989		1823749		2385792	
  294.4552		5489011		2590198		1864868		2391658	
  294.6538		5488802		2590512		1817452		2384769	
  294.8514		5478663		2591504		1851305		2390312	
  295.0517		5494185		2592079		1844793		2383154	
  295.2485		5494133		2589832		1837688		2383692	
  295.4490		5490997		2593073		1828001		2386491	
  295.6456		5494342		2591087		1802598		2382401	
  295.8456		5493087		2591191		1879560		2389936	
  296.0425		5492303		2591087		1813523		2385845	
  296.2447		5483001		2589937		1839949		2385469	
  296.4410		5489272		2590982		1801522		2386760	
  296.6411		5489272		2591504		1769499		2384554	
  296.8368		5489586		2589205		1894845		2386060	
  297.0393		5493714		2589362		1835105		2383746	
  297.2351		5501815		2589414		1850121		2388698	
  297.4355		5495021		2591609		1814492		2385845	
  297.6347		5496641		2592498		1881713		2386437	
  297.8286		5486607		2591243		1836128		2384069	
  298.0298		5493244		2591243		1823749		2380679	
  298.2256		5496327		2591923		1771328		2385738	
  298.4260		5471660		2590093		1834675		2384877	
  298.6234		5494342		2586697		1817668		2381432	
  298.8241		5490736		2591662		1842855		2385522	
  299.0201		5483733		2590459		1781769		2384285	
  299.2216		5487182		2592236		1864222		2386491	
  299.4196		5493871		2589989		1818744		2386384	
  299.6179		5491206		2592864		1829831		2383154	
  299.8148		5499620		2590512		1826386		2386384	
  300.0153		5487600		2588996		1798830		2378364	
  300.2123		5490213		2590041		1799907		2383154	
  300.4135		5496693		2590251		1796247		2386060	
  300.6100		5488384		2588787		1857602		2386168	
  300.8105		5491886		2590407		1835374		2382132	
  301.0070		5492512		2592079		1737583		2383262	
  301.2077		5503069		2590982		1745872		2387944	
  301.4042		5487652		2593752		1848775		2384984	
  301.6047		5500404		2589414		1853781		2384769	
  301.8015		5489847		2589989		1854050		2380194	
  302.0016		5491258		2591714		1890217		2380194	
  302.1986		5481328		2591243		1750123		2386168	
  302.3988		5479447		2591400		1867666		2380356	
  302.5958		5487443		2590825		1784407		2381647	
  302.7961		5481067		2590041		1791296		2383908	
  302.9931		5494864		2591034		1746679		2385469	
  303.1895		5489586		2590407		1756474		2379279	
  303.3911		5496798		2591296		1763201		2381001	
  303.5872		5505108		2590198		1828054		2384931	
  303.7874		5507616		2587846		1820843		2383585	
  303.9849		5485927		2591714		1875524		2385146	
  304.1851		5489847		2589362		1801198		2384823	
  304.3815		5490945		2590878		1843555		2380948	
  304.5828		5491520		2590564		1891024		2380625	
  304.7794		5492931		2591923		1844900		2385684	
  304.9797		5476730		2589362		1846246		2387514	
  305.1765		5496119		2590878		1843878		2381055	
  305.3768		5491624		2589310		1862015		2386330	
  305.5737		5491990		2588735		1855557		2383208	
  305.7753		5489743		2588944		1828324		2381970	
  305.9716		5494185		2592811		1822834		2382724	
  306.1719		5505735		2591662		1857602		2385361	
  306.3688		5481433		2592916		1805074		2386168	
  306.5689		5489534		2589885		1832360		2387083	
  306.7652		5490213		2590041		1837097		2384069	
  306.9677		5493087		2588682		1783653		2383370	
  307.1628		5490579		2588160		1805612		2386276	
  307.3591		5498470		2588317		1838173		2386276	
  307.5605		5484726		2590355		1855826		2384769	
  307.7569		5492931		2591191		1818636		2383154	
  307.9570		5485666		2591504		1846999		2383477	
  308.1548		5490526		2591557		1856149		2387245	
  308.3550		5491049		2591139		1812877		2384715	
  308.5514		5491520		2591243		1820143		2381325	
  308.7530		5506936		2591766		1821435		2386222	
  308.9492		5494237		2590251		1792641		2382885	
  309.1500		5492251		2588944		1797539		2384177	
  309.3465		3959854		2512486		7514032		2507963	
  309.5466		3955935		2513949		7414573		2511838	
  309.7434		3967118		2513740		7497294		2514045	
  309.9434		3943340		2510970		7446273		2514421	
  310.1414		3958861		2510657		7500631		2515552	
  310.3417		3951388		2512695		7501277		2515875	
  310.5385		3952224		2515099		7478350		2516413	
  310.7384		3939525		2511023		7565323		2515390	
  310.9358		3950656		2512904		7470600		2518942	
  311.1356		3945901		2512329		7460643		2517005	
  311.3327		3954419		2510970		7472376		2511999	
  311.5293		3958025		2513949		7473775		2515875	
  311.7296		3963722		2512695		7463711		2516359	
  311.9259		3961161		2512068		7493796		2513775	
  312.1275		3963042		2514681		7482548		2515498	
  312.3238		3951283		2513427		7481202		2511031	
  312.5240		3956405		2512747		7429966		2513507	
  312.7217		3956510		2513479		7517692		2517920	
  312.9220		3964140		2511807		7397889		2515014	
  313.1183		3961370		2518653		7486638		2514744	
  313.3189		3957137		2512277		7531416		2517112	
  313.5158		3957816		2514263		7557896		2516682	
  313.7161		3959750		2512486		7498156		2517328	
  313.9146		3958705		2513374		7443528		2511192	
  314.1130		3962729		2512329		7409514		2515229	
  314.3103		3953479		2512643		7474313		2512807	
  314.5111		3955255		2514890		7418286		2515982	
  314.7080		3951074		2513583		7488306		2514960	
  314.9078		3961318		2512904		7400580		2509847	
  315.1050		3960325		2511702		7490298		2514690	
  315.3049		3948827		2512068		7495788		2516682	
  315.5019		3963931		2512800		7525819		2513560	
  315.6983		3956405		2514785		7483355		2516790	
  315.9000		3954994		2512434		7422861		2512860	
  316.0965		3969261		2513166		7488091		2517220	
  316.2988		3958966		2512277		7470653		2514529	
  316.4948		3961266		2512225		7474690		2514744	
  316.6949		3955935		2511807		7496918		2513076	
  316.8915		3955726		2513166		7420278		2515767	
  317.0914		3957293		2512643		7629100		2518296	
  317.2876		3964662		2512747		7409514		2517597	
  317.4903		3948827		2510395		7418394		2516843	
  317.6857		3965080		2509978		7515539		2511623	
  317.8864		3959436		2513845		7489544		2516682	
  318.0895		3953113		2511389		7519468		2519104	
  318.2832		3947834		2513218		7467317		2513722	
  318.4797		3951493		2512381		7348805		2509309	
  318.6801		3959802		2510866		7447672		2521633	
  318.8766		3954001		2515465		7423992		2513937	
  319.0781		3951022		2513061		7441483		2515067	
  319.2752		3956092		2512852		7513494		2511515	
  319.4755		3963617		2511075		7427059		2516467	
  319.6722		3951388		2512852		7492989		2515767	
  319.8744		3960743		2512016		7463818		2517005	
  320.0697		3955621		2512956		7397674		2515390	
  320.2660		3955778		2513218		7469523		2511892	
  320.4664		3955569		2513583		7381904		2512430	
  320.6625		3950604		2513583		7483947		2513076	
  320.8644		3951127		2514420		7443851		2514529	
  321.0607		3955778		2512591		7452624		2517597	
  321.2608		3963304		2512747		7445035		2516520	
  321.4577		3953165		2514211		7370925		2514314	
  321.6584		3953583		2512591		7494119		2514421	
  321.8547		3953374		2511441		7479857		2518566	
  322.0559		3963722		2513113		7469039		2514906	
  322.2526		3956144		2512486		7498586		2514152	
  322.4538		3951806		2515465		7468824		2515283	
  322.6494		3949402		2513009		7466886		2514637	
  322.8506		3950656		2512172		7450794		2511731	
  323.0471		3963251		2510448		7558057		2515767	
  323.2475		3942242		2509507		7495411		2512322	
  323.4441		3953844		2509716		7480287		2515605	
  323.6446		3955778		2512956		7463442		2513668	
  323.8415		3954524		2512956		7435886		2519427	
  324.0417		3959541		2512800		7500039		2511138	
  324.2386		3952172		2511023		7501923		2515067	
  324.4396		3953165		2514681		7408868		2513883	
  324.6361		3955151		2514629		7492558		2514637	
  324.8362		3957659		2513636		7480772		2517058	
  325.0330		3949036		2513322		7482225		2518781	
  325.2306		3963408		2513793		7462042		2510923	
  325.4308		3956144		2512904		7496971		2514583	
  325.6270		3956562		2514054		7445843		2515875	
  325.8287		3952015		2513270		7540888		2517597	
  326.0247		3955987		2511963		7505529		2520342	
  326.2261		3943653		2511023		7430288		2508501	
  326.4216		3953113		2511911		7365920		2507425	
  326.6224		3957659		2516928		7505260		2513022	
  326.8187		3959018		2512172		7517262		2513991	
  327.0203		3943235		2513479		7429750		2513076	
  327.2168		3956092		2511598		7465056		2511407	
  327.4174		3956405		2513374		7498747		2517651	
  327.6140		3957973		2511650		7486692		2516843	
  327.8138		3953792		2513583		7455369		2516305	
  328.0105		3960116		2511127		7594009		2517058	
  328.2119		3950291		2513166		7410698		2514852	
  328.4086		3968425		2514158		7464195		2519481	
  328.6088		3953008		2512852		7521137		2514314	
  328.8060		3957137		2513740		7541481		2520342	
  329.0059		3952120		2514106		7498048		2512968	
  329.2033		3957607		2512277		7471030		2514529	
  329.4027		3956614		2513427		7436801		2514206	
  329.6000		3947364		2511545		7490190		2518189	
  329.7972		3955151		2509821		7392345		2516843	
  329.9981		3959697		2513113		7409460		2510062	
  330.1947		3955517		2514890		7476412		2517543	
  330.3951		3956301		2516040		7529156		2515229	
  330.5916		3957032		2513793		7485669		2513237	
  330.7928		3953949		2511180		7428835		2515498	
  330.9883		3945169		2512120		7491912		2517651	
  331.1901		3959541		2513949		7531685		2518135	
  331.3856		3947050		2510239		7423238		2514421	
  331.5871		3950813		2512800		7413443		2510385	
  331.7839		3954733		2513374		7460051		2515229	
  331.9841		3957503		2515726		7471514		2517005	
  332.1807		3959436		2513427		7509942		2520611	
  332.3809		3968373		2512904		7471891		2512107	
  332.5776		3961422		2512434		7434271		2514852	
  332.7786		3958391		2511755		7511557		2514690	
  332.9762		3950186		2512695		7471030		2513883	
  333.1761		3938741		2512381		7488091		2514475	
  333.3729		3954681		2509612		7546271		2515982	
  333.5693		5491258		2593177		1829884		2386437	
  333.7696		5494603		2591818		1797539		2384607	
  333.9658		5491101		2592602		1819820		2381271	
  334.1676		5484830		2592184		1823265		2383854	
  334.3650		5482531		2591766		1810617		2383262	
  334.5642		5485353		2589310		1757551		2385253	
  334.7606		5495387		2589571		1826063		2383531	
  334.9617		5486973		2590616		1774450		2386599	
  335.1604		5489063		2591296		1835213		2386653	
  335.3592		5486293		2589780		1797539		2380894	
  335.5558		5488175		2589519		1788228		2386114	
  335.7560		5495178		2591348		1761641		2384016	
  335.9542		5490004		2593856		1781393		2386437	
  336.1539		5487966		2590355		1825686		2388052	
  336.3499		5474326		2590878		1789196		2382401	
  336.5515		5482113		2591034		1814869		2387998	
  336.7483		5485927		2588630		1853135		2383746	
  336.9482		5487704		2590668		1827570		2383639	
  337.1451		5485301		2590041		1792749		2384500	
  337.3454		5486189		2587637		1791350		2380517	
  337.5424		5481172		2589310		1799207		2378311	
  337.7388		5476207		2587324		1810994		2383101	
  337.9392		5476468		2590093		1765785		2383101	
  338.1362		5479029		2589257		1755613		2384231	
  338.3383		5479761		2589048		1731286		2382347	
  338.5336		5475214		2587428		1766054		2380140	
  338.7340		5467845		2591452		1774073		2379818	
  338.9315		5489377		2590146		1798400		2382885	
  339.1334		5481015		2591504		1801522		2386707	
  339.3279		5477200		2588892		1804428		2383639	
  339.5292		5480702		2589153		1841779		2383531	
  339.7258		5489638		2589362		1642052		2381809	
  339.9258		5490370		2590251		1670524		2381540	
  340.1222		5497268		2591400		1829239		2387514	
  340.3240		5508818		2593491		1769983		2385845	
  340.5206		5492774		2592707		1871487		2383531	
  340.7206		5497530		2590198		1666864		2380733	
  340.9176		5494603		2588474		1547168		2381271	
  341.1178		5492931		2589048		1668478		2384877	
  341.3148		5483210		2589414		1572517		2382132	
  341.5148		5498313		2589728		1532206		2381001	
  341.7114		5493871		2591818		1484737		2382939	
  341.9079		5492042		2590093		1607985		2386168	
  342.1092		5486398		2590668		1582850		2381647	
  342.3062		5502024		2588787		1576392		2380733	
  342.5060		5496066		2588630		1538180		2380948	
  342.7035		5492408		2589623		1325106		2379818	
  342.9038		5491415		2591243		1336893		2375942	
  343.1002		5487652		2592393		1381779		2379441	
  343.3029		5489638		2591766		1296528		2373736	
  343.4979		5486398		2593386		1263052		2373682	
  343.6989		5498157		2591870		1321393		2381755	
  343.8945		5504533		2590982		1351855		2378903	
  344.0973		5501501		2592184		1235388		2374705	
  344.2982		5507459		2589937		1271663		2374759	
  344.4931		5503801		2590721		1305247		2373682	
  344.6896		5505787		2592027		1303040		2370937	
  344.8899		5508818		2589519		1280490		2377772	
  345.0867		5498732		2590564		1295344		2379710	
  345.2879		5500822		2594640		1295775		2372337	
  345.4847		5495700		2589362		1215637		2381055	
  345.6858		5490526		2591766		1223387		2375297	
  345.8819		5500352		2592916		1287648		2371529	
  346.0819		5495753		2593125		1269026		2376750	
  346.2792		5498836		2588421		1377527		2378795	
  346.4756		5498261		2589728		1305462		2376803	
