Time		Cap_one		Cap_two		Cap_three		Cap_four
    0.0000		49178		2700782		23604969749		0	
    0.0043		2535272		2535272		2359474		2486812	
    0.0062		2474022		2680400		2368192		2368192	
    0.0085		2504385		2504385		2360550		2499998	
    0.0105		2489178		2700782		23604969749		2499998	
    0.0124		2535272		2535272		2359474		2486812	
    0.0141		2474022		2680400		2368192		2368192	
    0.0159		2504385		2504385		2360550		2499998	
    1.6596		2695870		2699110		2526585		2526585	
    1.6956		2637076		2637076		2363456		2540363	
    1.7376		2494038		2700207		2359366		2372014	
    1.7820		2518810		2731616		2357321		2471634	
    1.8234		2507521		2720014		2361788		2361788	
    1.8598		2564120		2564120		2356459		2497145	
    1.9053		2522206		2741912		2361034		2478577	
    1.9503		2505796		2730101		2360173		2555809	
    1.9910		2510500		2726234		2362595		2411948	
    2.0368		2506581		2671830		2360173		2321584	
    2.0808		2501825		2690801		2362218		2385684	
    2.1222		2505588		2668015		2362918		2362918	
    2.1588		2527485		2527485		2362111		2490418	
    2.2003		2509716		2697647		2361357		2446716	
    2.2455		2510134		2688449		2361842		2548651	
    2.2859		2495972		2698796		2361895		2361895	
    2.3235		2629289		2629289		2366578		2542354	
    2.3678		2491686		2698169		2362649		2545745	
    2.4093		2484892		2715415		2361572		2361572	
    2.4458		2631432		2631432		2360119		2525831	
    2.4874		2501250		2718290		2359312		2549727	
    2.5314		2491634		2701253		2363026		2507855	
    2.5732		2498950		2729003		2360066		2360066	
    2.6096		2563388		2563388		2362272		2549458	
    2.6550		2519228		2722053		2360066		2363672	
    2.7003		2514838		2712228		2360442		2529868	
    2.7405		2508776		2714475		2359927		2382455	
    2.7764		2631014		2631014		2361411		2487619	
    2.8186		2512329		2725815		2359528		2388160	
    2.8593		2523304		2697908		2401006		2335470	
    2.8969		2523774		2523774		2362918		2483206	
    2.9421		2502452		2718238		2362326		2362326	
    2.9861		2527224		2725868		2359204		2339937	
    3.0280		2502609		2724143		2357859		2357859	
    3.0637		2661012		2661012		2359258		2504680	
    3.1060		2519123		2728115		2357321		2357321	
    3.1504		2514890		2735170		2359474		2431539	
    3.1917		2489021		2699580		2359151		2359151	
    3.2282		2570757		2570757		2361734		2554517	
    3.2733		2489335		2701775		2364533		2517112	
    3.3149		2486878		2697699		2360711		2545206	
    3.3550		2506371		2728899		2400646		2400646	
    3.3926		2635195		2635195		2365824		2539125	
    3.4371		2506319		2727383		2360281		2480838	
    3.4826		2527642		2719962		2362972		2354415	
    3.5229		2488707		2715468		2360711		2360711	
    3.5606		2645333		2645333		2362541		2537510	
    3.6009		2496024		2715468		2362272		2440849	
    3.6461		2502504		2720485		2360335		2371637	
    3.6867		2535638		2745727		2360173		2360173	
    3.7244		2634045		2634045		2353015		2493647	
    3.7684		2521266		2718865		2358720		2426210	
    3.8100		2518235		2727070		2360550		2360550	
    3.8465		2597672		2597672		2354415		2541923	
    3.8881		2502713		2731407		2360900		2477124	
    3.9241		2510030		2510030		2364963		2534496	
    3.9660		2505588		2718603		2360819		2488642	
    4.0061		2522206		2726025		2356783		2356783	
    4.0438		2619412		2619412		2363080		2540739	
    4.0879		2497592		2728742		2361357		2361357	
    4.1335		2529001		2732714		2357751		2538371	
    4.1739		2500414		2709249		2359151		2359151	
    4.2115		2644916		2644916		2361304		2536434	
    4.2516		2495815		2694354		2360012		2360012	
    4.2851		2616015		2616015		2363994		2491763	
    4.3299		2499316		2700155		2359850		2376588	
    4.3718		2502138		2726808		2404215		2469751	
    4.4082		2537258		2537258		2361411		2503227	
    4.4534		2500309		2729264		2361519		2361519	
    4.4972		2520221		2718238		2356191		2473518	
    4.5392		2500571		2718708		2360550		2360550	
    4.5720		2549225		2549225		2360765		2493701	
    4.6172		2506058		2708726		2361519		2493539	
    4.6579		2514211		2717611		2340960		2340960	
    4.6942		2548808		2548808		2365663		2489449	
    4.7356		2487505		2696915		2361842		2361842	
    4.7720		2582725		2582725		2358613		2535250	
    4.8172		2527380		2695556		2362057		2458987	
    4.8587		2506528		2696706		2363941		2363941	
    4.8949		2588682		2588682		2358935		2501182	
    4.9368		2497905		2696445		2363994		2363994	
    4.9768		2489387		2716827		2316956		2316956	
    5.0170		2603107		2603107		2356675		2550804	
    5.0572		2517712		2725920		2363026		2363026	
    5.0924		2566524		2566524		2359581		2545045	
    5.1372		2508253		2722366		2358989		2461516	
    5.1775		2522625		2727801		2341336		2341336	
    5.2139		2524454		2524454		2359151		2557585	
    5.2556		2501772		2704545		2367224		2367224	
    5.2917		2609430		2609430		2361788		2503442	
    5.3335		2502870		2720485		2361680		2424865	
    5.3740		2534801		2714475		2361680		2361680	
    5.4114		2599814		2599814		2356836		2549189	
    5.4516		2502557		2727226		2362351		2373359	
    5.4892		2655629		2655629		2358774		2524432	
    5.5295		2523356		2719544		2388536		2388536	
    5.5672		2513322		2513322		2360281		2513291	
    5.6075		2493620		2724404		2359958		2359958	
    5.6439		2660176		2660176		2362003		2545045	
    5.6856		2515047		2723464		2358666		2358666	
    5.7216		2604204		2604204		2359581		2491548	
    5.7631		2479196		2721530		2375297		2375297	
    5.7964		2508671		2508671		2365394		2543592	
    5.8379		2508044		2700887		2364748		2364748	
    5.8746		2632634		2632634		2364371		2521310	
    5.9193		2503602		2663991		2359635		2322230	
    5.9597		2502974		2725397		2357536		2357536	
    5.9974		2648992		2648992		2360657		2510008	
    6.0377		2532868		2718969		2358814		2330142	
    6.0741		2640421		2640421		2357267		2537941	
    6.1156		2521370		2716513		2523302		2523302	
    6.1517		2582777		2582777		2358613		2486274	
    6.1934		2489125		2703500		2361250		2361250	
    6.2263		2534697		2534697		2357321		2490848	
    6.2677		2534331		2744891		2358989		2358989	
    6.3041		2678885		2678885		2363725		2521041	
    6.3446		2511493		2729369		2498706		2498706	
    6.3823		2639376		2639376		2361680		2547359	
    6.4224		2510866		2708726		2359204		2359204	
    6.4601		2561141		2561141		2366847		2493970	
    6.5043		2511963		2704127		2364748		2496446	
    6.5458		2501302		2692316		2502312		2502312	
    6.5823		2581993		2581993		2367116		2556186	
    6.6237		2506110		2693675		2362811		2546875	
    6.6567		2609691		2609691		2361357		2498168	
    6.7005		2501563		2697699		2483798		2483798	
    6.7347		2617008		2617008		2363672		2510277	
    6.7752		2499944		2716827		2358613		2358613	
    6.8121		2647267		2647267		2365232		2522817	
    6.8529		2510918		2696497		2359850		2359850	
    6.8893		2515517		2515517		2362434		2551073	
    6.9311		2530882		2712489		2314588		2314588	
    6.9677		2551577		2551577		2358828		2540363	
    7.0089		2507260		2693309		2365232		2365232	
    7.0454		2487714		2487714		2361142		2517812	
    7.0857		2515360		2728011		2467544		2467544	
    7.1195		2522416		2522416		2365824		2549404	
    7.1632		2512068		2728219		2360496		2360496	
    7.1962		2612305		2612305		2361250		2491709	
    7.2378		2499055		2725188		2340206		2340206	
    7.2753		2628923		2628923		2353284		2473141	
    7.3156		2511023		2690173		2439020		2439020	
    7.3519		2664931		2664931		2361680		2527715	
    7.3932		2491477		2716565		2356675		2356675	
    7.4308		2512904		2512904		2363779		2552203	
    7.4716		2487975		2693048		2514045		2514045	
    7.5080		2569398		2569398		2361196		2474864	
    7.5494		2488969		2718813		2364210		2364210	
    7.5857		2601748		2601748		2358236		2550158	
    7.6275		2493777		2739403		2381055		2381055	
    7.6598		2472768		2472768		2361842		2517435	
    7.7050		2472297		2718708		2489718		2489718	
    7.7382		2657040		2657040		2359581		2558877	
    7.7788		2499421		2715990		2359528		2359528	
    7.8148		2584345		2584345		2363080		2543269	
    7.8566		2524245		2727279		2487619		2487619	
    7.8933		2612618		2612618		2363994		2541708	
    7.9344		2495553		2698431		2467490		2467490	
    7.9710		2679669		2679669		2361788		2519373	
    8.0113		2531457		2723829		2385667		2320131	
    8.0490		2501355		2501355		2362326		2546552	
    8.0894		2502034		2709405		2312058		2312058	
    8.1269		2569085		2569085		2362972		2469643	
    8.1675		2525708		2695243		2361842		2361842	
    8.2001		2634724		2634724		2358666		2536165	
    8.2451		2490223		2693570		2482183		2482183	
    8.2783		2513740		2513740		2364156		2541116	
    8.3186		2504647		2694302		2351777		2351777	
    8.3564		2625422		2625422		2360227		2482829	
    8.3964		2474283		2703657		2363348		2363348	
    8.4340		2511389		2511389		2359743		2502742	
    8.4753		2503340		2720746		2392681		2392681	
    8.5124		2535376		2535376		2363510		2538210	
    8.5525		2504699		2738828		2360604		2360604	
    8.5889		2661116		2661116		2359204		2525724	
    8.6304		2542170		2731198		2492840		2492840	
    8.6666		2550532		2550532		2363779		2554894	
    8.7085		2514054		2712959		2521849		2521849	
    8.7415		2539975		2539975		2358989		2556563	
    8.7820		2509716		2694354		2397201		2397201	
    8.8191		2625370		2625370		2364371		2502474	
    8.8595		2491007		2697647		2397793		2397793	
    8.8975		2502034		2502034		2359258		2477178	
    8.9374		2493411		2687770		2356836		2356836	
    8.9750		2505274		2505274		2358020		2481753	
    9.0156		2510448		2708151		2359850		2359850	
    9.0526		2516301		2516301		2354630		2475187	
    9.0929		2495188		2709771		2441065		2441065	
    9.1297		2488707		2488707		2369807		2512538	
    9.1716		2469841		2670680		2509093		2509093	
    9.2037		2485206		2485206		2356298		2473572	
    9.2488		2536840		2692003		2315233		2315233	
    9.2820		2546090		2546090		2360012		2554356	
    9.3220		2532136		2709615		2392842		2392842	
    9.3597		2642511		2642511		2359904		2494831	
    9.4010		2524924		2744629		2429386		2429386	
    9.4419		2644602		2644602		2362918		2524647	
    9.4792		2525865		2725450		2507963		2507963	
    9.5168		2535690		2535690		2357698		2544561	
    9.5561		2463779		2749072		2334609		2334609	
    9.5931		2513740		2513740		2355545		2537779	
    9.6336		2501355		2728011		2373790		2373790	
    9.6701		2627042		2627042		2361842		2478523	
    9.7119		2492366		2744002		2457264		2457264	
    9.7446		2657824		2657824		2359528		2503496	
    9.7898		2506685		2708987		2308291		2308291	
    9.8219		2611155		2611155		2356675		2466091	
    9.8640		2503706		2697124		2523679		2523679	
    9.9004		2582464		2582464		2362003		2476532	
    9.9416		2520691		2681028		2434068		2434068	
    9.9782		2629603		2629603		2359474		2525401	
   10.0195		2514420		2693257		2372121		2372121	
   10.0559		2635508		2635508		2361357		2498760	
   10.0963		2495606		2713795		2331272		2331272	
   10.1328		2602166		2602166		2358935		2482130	
   10.1755		2502609		2684947		2349463		2349463	
   10.2108		2486722		2486722		2359796		2481484	
   10.2525		2502452		2695086		2412002		2412002	
   10.2875		2486930		2486930		2358935		2506510	
   10.3261		2510187		2696393		2492140		2492140	
   10.3635		2538616		2538616		2360765		2497361	
   10.4055		2506685		2720380		2520557		2520557	
   10.4415		2588317		2588317		2357698		2558123	
   10.4820		2509664		2719596		2504249		2504249	
   10.5199		2547135		2547135		2361465		2484820	
   10.5612		2508514		2684738		2414370		2414370	
   10.5965		2517294		2517294		2356729		2509631	
   10.6396		2509612		2724979		2510008		2510008	
   10.6748		2637181		2637181		2358020		2472388	
   10.7150		2510030		2736163		2306084		2306084	
   10.7508		2590564		2590564		2360711		2544022	
   10.7932		2527224		2740083		2348494		2348494	
   10.8262		2622286		2622286		2365125		2469643	
   10.8664		2517817		2731721		2384554		2384554	
   10.9039		2531561		2531561		2365932		2516036	
   10.9445		2505901		2724561		2293598		2293598	
   10.9811		2634097		2634097		2361088		2471043	
   11.0223		2537728		2718185		2318140		2318140	
   11.0588		2557117		2557117		2362111		2546229	
   11.1005		2515308		2687770		2468082		2468082	
   11.1376		2488080		2488080		2359151		2529330	
   11.1777		2532659		2721321		2356836		2356836	
   11.2144		2664409		2664409		2354953		2530083	
   11.2559		2508776		2716304		2328688		2328688	
   11.2887		2563545		2563545		2362918		2573301	
   11.3465		2491111		2679146		2308291		2520718	
   11.3870		2494090		2692473		2356944		2356944	
   11.4235		2655890		2655890		2361680		2511246	
   11.4764		2496181		2721426		2308990		2515982	
   11.5184		2495345		2690592		2378795		2378795	
   11.5548		2595738		2595738		2359474		2537564	
   11.6078		2496599		2698692		2356191		2528791	
   11.6530		2503602		2671360		2319001		2319001	
   11.6863		2578857		2578857		2369700		2559522	
   11.7264		2495658		2688083		2371852		2371852	
   11.7639		2500936		2500936		2363618		2545422	
   11.8046		2501772		2698692		2398762		2398762	
   11.8420		2643713		2643713		2359204		2508071	
   11.8821		2482123		2668799		2317386		2317386	
   11.9207		2548389		2548389		2362111		2547036	
   11.9605		2519176		2688240		2507533		2507533	
   11.9981		2505535		2505535		2362434		2485735	
   12.0387		2480920		2667806		2371260		2371260	
   12.0752		2613663		2613663		2366524		2534658	
   12.1156		2479666		2699058		2341713		2341713	
   12.1493		2667440		2667440		2359958		2519534	
   12.2058		2529314		2684791		2321423		2535680	
   12.2478		2526074		2727697		2442572		2442572	
   12.2842		2520534		2520534		2364963		2517543	
   12.3370		2505640		2727801		2362595		2518834	
   12.3788		2499107		2714631		2290369		2290369	
   12.4150		2581993		2581993		2360711		2461570	
   12.4566		2529262		2749333		2403821		2403821	
   12.4929		2503184		2503184		2357590		2516628	
   12.5344		2504856		2723150		2355060		2355060	
   12.5707		2502661		2502661		2357913		2487888	
   12.6122		2524454		2719701		2528845		2528845	
   12.6479		2619517		2619517		2357536		2477608	
   12.7020		2510918		2733289		2491440		2526800	
   12.7431		2506528		2726025		2344565		2344565	
   12.7796		2605145		2605145		2360873		2533204	
   12.8327		2491686		2726129		2503765		2515067	
   12.8776		2533234		2688971		2411625		2411625	
   12.9106		2620666		2620666		2364371		2537026	
   12.9686		2477785		2698431		2430462		2520772	
   13.0090		2509403		2730258		2327074		2327074	
   13.0457		2567517		2567517		2360819		2565658	
   13.0867		2500623		2692786		2390044		2390044	
   13.1202		2493045		2493045		2365555		2499244	
   13.1768		2495919		2696340		2368461		2526854	
   13.2184		2493620		2691375		2530245		2530245	
   13.2554		2558058		2558058		2360765		2476693	
   13.3078		2505013		2694145		2396771		2536003	
   13.3494		2487401		2692369		2489180		2489180	
   13.3858		2559050		2559050		2358289		2465015	
   13.4388		2507626		2686776		2498383		2528576	
   13.4839		2516354		2694981		2480838		2480838	
   13.5172		2651866		2651866		2364371		2526585	
   13.5737		2497853		2695034		2314049		2522710	
   13.6153		2504333		2722314		2387352		2387352	
   13.6519		2557117		2557117		2357698		2477124	
   13.7057		2523200		2725502		2359689		2529868	
   13.7462		2505640		2723777		2510762		2510762	
   13.7828		2567412		2567412		2355545		2561352	
   13.8367		2489491		2715781		2358289		2517920	
   13.8805		2533600		2721060		2485789		2485789	
   13.9137		2528478		2528478		2360711		2555378	
   13.9716		2509769		2698274		2337461		2529760	
   14.0130		2504177		2700260		2436436		2436436	
   14.0496		2664409		2664409		2360819		2510816	
   14.0899		2515517		2697542		2519803		2519803	
   14.1224		2508984		2508984		2359958		2460279	
   14.1801		2519228		2729892		2479923		2522010	
   14.2210		2523147		2717192		2359635		2359635	
   14.2586		2660123		2660123		2364317		2504788	
   14.3116		2510552		2692055		2490579		2511784	
   14.3521		2503968		2699058		2466252		2466252	
   14.3896		2652598		2652598		2360927		2490525	
   14.4426		2515726		2695295		2361572		2529222	
   14.4879		2505065		2695452		2326213		2326213	
   14.5203		2566524		2566524		2359635		2563075	
   14.5781		2496756		2696288		2385630		2540524	
   14.6186		2513897		2719701		2321046		2321046	
   14.6552		2535638		2535638		2357213		2540470	
   14.7082		2547135		2717767		2341228		2514152	
   14.7665		2529157		2694041		2371476		2526908	
   14.8194		2531352		2724770		2484551		2520073	
   14.8599		2486669		2721687		2385199		2385199	
   14.8978		2514785		2514785		2364102		2512107	
   14.9504		2496546		2724248		2464638		2522387	
   15.0083		2480816		2689912		2331326		2501774	
   15.0611		2520273		2694093		2328904		2523894	
   15.1188		2484579		2701148		2342197		2537833	
   15.1719		2499159		2727279		2401023		2519803	
   15.2131		2521475		2713639		2323307		2323307	
   15.2493		2602479		2602479		2359635		2456511	
   15.3062		2523618		2719858		2393057		2526800	
   15.3604		2518130		2694354		2472442		2524001	
   15.4133		2504020		2722523		2364748		2527392	
   15.4711		2482959		2693727		2317494		2522656	
   15.5239		2481025		2690121		2449568		2546659	
   15.5816		2504281		2693309		2300810		2519588	
   15.6346		2479927		2699685		2349194		2511085	
   15.6912		2516144		2693570		2477124		2517489	
   15.7454		2507992		2724352		2450537		2520718	
   15.8022		2497958		2743375		2437513		2520664	
   15.8550		2531614		2725188		2410064		2508394	
   15.9135		2538042		2721948		2335685		2519534	
   15.9657		2538930		2714997		2487457		2557478	
   16.0235		2545724		2724823		2437889		2525293	
   16.0763		2514629		2706218		2510331		2533581	
   16.1342		2518653		2724248		2395264		2520288	
   16.1875		2516876		2702507		2292575		2499782	
   16.2401		2554713		2724875		2415715		2519534	
   16.2980		2482802		2700051		2321692		2525132	
   16.3508		2501407		2706479		2371583		2522548	
   16.4086		2531614		2690748		2475510		2529545	
   16.4619		2497226		2680035		2411033		2545583	
   16.5195		2511127		2695138		2442357		2520772	
   16.5725		2498585		2690853		2406728		2520073	
   16.6292		2499891		2718028		2468136		2525939	
   16.6833		2546142		2721164		2402260		2524271	
   16.7398		2526283		2723777		2328635		2517274	
   16.7944		2507469		2699580		2381647		2512484	
   16.8506		2513897		2690592		2323683		2527446	
   16.9036		2515413		2694981		2372175		2539125	
   16.9581		2534017		2695974		2477555		2526800	
   17.0144		2493620		2696497		2443002		2526477	
   17.0687		2491477		2698221		2319916		2529114	
   17.1252		2523879		2721948		2333102		2523679	
   17.1784		2525238		2747870		2450968		2516305	
   17.2361		2529576		2726390		2326805		2523356	
   17.2890		2509978		2739142		2322338		2530029	
   17.3467		2484840		2692525		2481753		2532720	
   17.3995		2494038		2694720		2464046		2518727	
   17.4576		2494299		2696183		2332886		2525508	
   17.5102		2524506		2726756		2458233		2567434	
   17.5672		2543686		2686358		2477070		2525616	
   17.6213		2510239		2712384		2428794		2515498	
   17.6783		2501982		2699790		2324006		2520718	
   17.7317		2493933		2727749		2409257		2545583	
   17.7853		2531457		2687508		2458395		2530460	
   17.8418		2516771		2688501		2404736		2523032	
   17.8947		2494613		2702925		2454950		2518296	
   17.9525		2518235		2704232		2391443		2533850	
   18.0057		2528791		2727958		2302532		2523840	
   18.0635		2540498		2721060		2363833		2516036	
   18.1164		2535586		2698221		2322660		2533904	
   18.1731		2521370		2698692		2418891		2522387	
   18.2280		2492366		2690278		2470666		2520395	
   18.2844		2558894		2716670		2369161		2518296	
   18.3398		2518078		2716304		2311412		2525186	
   18.3947		2522729		2732452		2437244		2526208	
   18.4479		2531927		2698013		2431216		2539286	
   18.5020		2505170		2690226		2455758		2524163	
   18.5585		2493881		2696079		2433261		2527930	
   18.6125		2518287		2720694		2379441		2487996	
   18.6690		2522834		2694772		2425887		2533958	
   18.7223		2500518		2691219		2303393		2521741	
   18.7803		2515256		2693257		2365770		2520718	
   18.8331		2497696		2695661		2320831		2548597	
   18.8914		2517033		2701096		2431808		2528630	
   18.9447		2503968		2692107		2437405		2525508	
   19.0009		2500989		2698221		2376373		2531967	
   19.0550		2526074		2699319		2442410		2517328	
   19.1118		2494979		2699528		2408450		2527230	
   19.1647		2492000		2696497		2463777		2524916	
