Time		Cap_one		Cap_two		Cap_three		Cap_four
    0.0000		493		2527984		2359635		0	
    0.0041		2727279		2511545		2526100		2359474	
    0.0058		2725502		2513218		378		2358666	
    0.0079		2727697		2512277		2523409		2360927	
    0.0097		2727645		2511493		2527984		2359635	
    0.0115		2727279		2511545		2526100		2359474	
    0.0132		2725502		2513218		378		2358666	
    0.0151		2727697		2512277		2523409		2360927	
    0.0171		2727645		2511493		2527984		2359635	
    0.0190		2727279		2511545		2526100		2359474	
    0.0208		2725502		2513218		2520019		2360012	
    0.1210		2725502		2512434		2525347		2359151	
    0.2645		2726861		2511441		2522225		2358720	
    0.4080		2728063		2510814		2526477		2361034	
    0.5516		2727645		2511389		2528415		2358666	
    0.6956		2724823		2512643		2524001		2360227	
    0.8392		2723882		2510030		2522925		2361411	
    0.9827		2725345		2511023		2527392		2361357	
    1.1250		2727958		2510814		2521472		2360281	
    1.2685		2730153		2511702		2524970		2360012	
    1.4121		2727958		2513009		2528307		2356836	
    1.5559		2727853		2513113		2522494		2359474	
    1.7023		2725450		2512016		2524486		2359904	
    1.8453		2726861		2512016		2524593		2358882	
    1.9861		2727592		2510761		2524378		2358720	
    2.1317		2728428		2510291		2526908		2360657	
    2.2758		2727645		2511232		2526423		2357482	
    2.4156		2725188		2511911		2522333		2361250	
    2.5625		2726286		2512486		2525132		2359689	
    2.7055		2726129		2512695		2522010		2358774	
    2.8500		2727697		2510709		2521795		2360119	
    2.9927		2729474		2512695		2527392		2360389	
    3.1360		2727853		2511232		2528738		2357913	
    3.2791		2725240		2511127		2521203		2361088	
    3.4223		2723777		2511650		2527769		2360765	
    3.5672		2726965		2511598		2524540		2360173	
    3.7102		2727488		2510187		2523786		2361357	
    3.8538		2728115		2512016		2528630		2359743	
    3.9969		2726913		2510709		2524001		2358774	
    4.1399		2724979		2511441		2525831		2360173	
    4.2833		2725815		2512434		2526208		2359420	
    4.4264		2727331		2511545		2522925		2361196	
    4.5706		2728899		2512120		2525078		2360819	
    4.7135		2729108		2514054		2525885		2358128	
    4.8564		2726286		2512120		2521041		2361304	
    5.0006		2724927		2512172		2525401		2360281	
    5.1431		2726338		2511023		2525508		2357213	
    5.2860		2727331		2511389		2522279		2359097	
    5.4301		2726861		2513322		2526423		2359796	
    5.5728		2726913		2512016		2521903		2361196	
    5.7169		2722889		2512904		2522064		2361142	
    5.8597		2725136		2513218		2524486		2358774	
    6.0039		2727122		2511180		2526639		2361788	
    6.1465		2697542		2498794		2531644		2362810	
    6.2902		2700207		2498167		2536488		2361465	
    6.4334		2697594		2499944		2531859		2361734	
    6.5813		2694668		2497173		2529437		2365232	
    6.7200		2696131		2497539		2533743		2360657	
    6.8629		2698901		2497173		2533043		2361034	
    7.0070		2697490		2498167		2534012		2363510	
    7.1497		2698796		2497853		2533689		2360496	
    7.2936		2696393		2495292		2530083		2362272	
    7.4365		2696236		2499473		2533420		2363618	
    7.5803		2696288		2496808		2532936		2363295	
    7.7245		2696915		2498010		2530406		2362649	
    7.8680		2697647		2497644		2532989		2362218	
    8.0106		2696863		2499473		2531751		2364210	
    8.1535		2725293		2512486		2522979		2360604	
    8.2970		2725397		2511493		2527661		2360927	
    8.4400		2726547		2512172		2523894		2360657	
    8.5843		2727488		2511336		2525670		2360981	
    8.7273		2728219		2512016		2528253		2360335	
    8.8702		2696183		2498898		2528468		2360819	
    9.0142		2695608		2499107		2529706		2363618	
    9.1575		2695295		2499996		2535304		2361465	
    9.3000		2697699		2497592		2529868		2360657	
    9.4441		2699267		2496808		2532613		2362003	
    9.5869		2695191		2498271		2531967		2360819	
    9.7311		2696602		2496756		2528630		2361250	
    9.8740		2694720		2498689		2530029		2361895	
   10.0169		2698483		2499682		2522710		2359850	
   10.1606		2725711		2510500		2522871		2362595	
   10.3038		2698849		2499316		2535358		2361250	
   10.4478		2727226		2512904		2525993		2359581	
   10.5903		2724561		2510082		2523625		2360496	
   10.7345		2724143		2511650		2525562		2361519	
   10.8772		2726442		2509403		2524647		2359366	
   11.0213		2726495		2510605		2525562		2359958	
   11.1640		2727697		2512225		2525939		2359743	
   11.3080		2727226		2511441		2522064		2362918	
   11.4511		2725972		2513479		2521203		2362326	
   11.5939		2725136		2511389		2524755		2359474	
   11.7382		2726338		2511493		2521203		2361250	
   11.8809		2726390		2512591		2525239		2358289	
   12.0241		2727226		2510761		2526316		2360604	
   12.1681		2725606		2510448		2521149		2360496	
   12.3108		2697960		2497069		2531213		2363026	
   12.4550		2697229		2499107		2532182		2362111	
   12.5977		2698379		2498219		2522225		2360550	
   12.7413		2726547		2512956		2525186		2357859	
   12.8841		2727749		2509925		2522333		2358828	
   13.0285		2723934		2512956		2521310		2361304	
   13.1707		2724352		2510866		2526316		2360550	
   13.3146		2727697		2510970		2522710		2357644	
   13.4583		2696393		2499107		2531482		2362003	
   13.6010		2698796		2497278		2532720		2361411	
   13.7448		2697542		2498114		2529383		2361626	
   13.8886		2692891		2497121		2530675		2362864	
   14.0309		2697438		2496964		2533043		2362434	
   14.1752		2698796		2499421		2530675		2362326	
   14.3183		2698326		2496912		2534281		2361788	
   14.4610		2699058		2498375		2534119		2362649	
   14.6048		2696810		2498794		2528576		2362972	
   14.7486		2695661		2497958		2531375		2361680	
   14.8910		2697751		2497017		2532397		2361304	
   15.0346		2697699		2498114		2531375		2363241	
   15.1781		2694825		2497278		2535573		2361196	
   15.3219		2698483		2497644		2531751		2360442	
   15.4655		2697072		2497801		2528038		2363725	
   15.6076		2695347		2498637		2532505		2359796	
   15.7512		2727017		2499003		2528791		2360119	
   15.8952		2697594		2497383		2531967		2360927	
   16.0385		2697647		2498375		2534173		2361196	
   16.1820		2697333		2498637		2529222		2360550	
   16.3245		2694407		2497853		2530675		2361196	
