Time		Cap_one		Cap_two		Cap_three		Cap_four
    0.0000		621		2527877		0		0	
    0.0040		2579171		2579171		2343112		2343112	
    0.0059		2500884		2696549		2350916		2533420	
    0.0078		2544992		2696863		2378095		2527715	
    0.0097		2513218		2513218		24597407877		2527715	
    0.0115		2579171		2579171		2343112		2343112	
    0.0133		2500884		2696549		2350916		2533420	
    0.0150		2544992		2696863		2378095		2527715	
    0.0168		2513218		2513218		2459740		2459740	
    0.0187		2506319		2656152		2359312		2532343	
    0.0206		2537467		2709771		2361626		2531698	
    0.0472		2600337		2600337		2379441		2379441	
    0.0909		2527694		2683536		2347526		2521903	
    0.1247		2542223		2542223		2362218		2362218	
    0.1699		2501197		2654061		2383101		2489772	
    0.2266		2536474		2696236		2362864		2525186	
    0.2550		2591714		2591714		2363456		2363456	
    0.3039		2500309		2671203		2381540		2521903	
    0.3579		2616747		2724979		2354684		2514314	
    0.3904		2587480		2587480		2360604		2360604	
    0.4363		2522259		2711601		2357482		2523302	
    0.4889		2601173		2737992		2389075		2573946	
    0.5214		2592916		2592916		2535304		2535304	
    0.5667		2541073		2687299		2373467		2544076	
    0.6240		2533234		2729526		2385738		2519588	
    0.6541		2566837		2566837		2358182		2358182	
    0.7028		2526022		2686097		2383639		2520611	
    0.7559		2571959		2727749		2363080		2513184	
    0.7847		2604779		2604779		2419375		2419375	
    0.8336		2509978		2680035		2353392		2532075	
    0.8864		2539819		2696549		2356729		2531106	
    0.9189		2518392		2518392		2359420		2359420	
    0.9644		2514158		2681341		2349732		2535573	
    1.0224		2590146		2732975		2386760		2522602	
    1.0511		2572430		2572430		2534443		2534443	
    1.1001		2521057		2721478		2361142		2522279	
    1.1533		2598821		2718342		2385199		2520503	
    1.1821		2586174		2586174		2490202		2490202	
    1.2310		2514994		2729630		2348925		2532128	
    1.2842		2596731		2724457		2355060		2522171	
    1.3166		2594379		2594379		2432830		2432830	
    1.3620		2509037		2721530		2350862		2518996	
    1.4189		2573893		2724300		2368139		2521795	
    1.4477		2567203		2567203		2349032		2349032	
    1.4963		2511807		2715781		2344834		2527230	
    1.5508		2558842		2725136		2385522		2541278	
    1.5796		2573997		2573997		2540093		2540093	
    1.6285		2503184		2692891		2369915		2545852	
    1.6815		2605092		2726652		2343650		2525347	
    1.7144		2581470		2581470		2360012		2360012	
    1.7598		2509246		2729317		2355921		2525239	
    1.8162		2560357		2719805		2378795		2497361	
    1.8452		2553981		2553981		2461678		2461678	
    1.8938		2495658		2728951		2353661		2516843	
    1.9471		2564904		2724300		2370076		2510600	
    1.9764		2570966		2570966		2491978		2491978	
    2.0253		2502557		2694668		2348871		2529921	
    2.0785		2547031		2726129		2382616		2526585	
    2.1113		2585024		2585024		2325890		2325890	
    2.1565		2487087		2702977		2356352		2522979	
    2.2129		2553929		2720276		2390258		2547467	
    2.2423		2599083		2599083		2340798		2340798	
    2.2877		2557639		2678049		2361465		2521041	
    2.3201		2562447		2562447		2359904		2359904	
    2.3655		2515465		2710398		2373305		2524217	
    2.3983		2529837		2529837		2424704		2424704	
    2.4435		2513793		2719074		2350432		2521418	
    2.4755		2603159		2603159		2519696		2519696	
    2.5205		2521527		2726495		2341067		2522871	
    2.5745		2559050		2728847		2354091		2523194	
    2.6070		2582725		2582725		2433530		2433530	
    2.6525		2508357		2723046		2377880		2519427	
    2.6850		2551055		2551055		2482614		2482614	
    2.7303		2501197		2727279		2356621		2497845	
    2.7624		2549591		2549591		2315287		2315287	
    2.8073		2524349		2694197		2366793		2534173	
    2.8613		2605615		2724875		2352800		2521687	
    2.8937		2559782		2559782		2316256		2316256	
    2.9390		2506162		2684582		2352208		2521472	
    2.9958		2565060		2720485		2341605		2523248	
    3.0244		2591870		2591870		2406889		2406889	
    3.0745		2514420		2678676		2355437		2530406	
    3.1276		2551368		2724875		2361142		2523517	
    3.1595		2579903		2579903		2396932		2396932	
    3.2045		2554034		2697176		2357374		2499836	
    3.2589		2556020		2727697		2352369		2532451	
    3.2912		2591870		2591870		2329227		2329227	
    3.3366		2509455		2705225		2362111		2524163	
    3.3934		2541648		2718081		2371798		2523571	
    3.4221		2589257		2589257		2503119		2503119	
    3.4711		2520378		2722732		2366739		2519158	
    3.5242		2523670		2733811		2342574		2566842	
    3.5531		2585338		2585338		2330249		2330249	
    3.6023		2498114		2688815		2348010		2524647	
    3.6314		2605824		2605824		2358774		2358774	
    3.6805		2511232		2728272		2362541		2538264	
    3.7333		2608228		2723986		2351347		2525239	
    3.7657		2599448		2599448		2499944		2499944	
    3.8115		2513740		2729160		2349786		2523032	
    3.8676		2551368		2723568		2349409		2512161	
    3.8970		2600337		2600337		2471204		2471204	
    3.9423		2518810		2729056		2346826		2527177	
    4.0002		2557012		2718813		2364748		2532613	
    4.0281		2555863		2555863		2450107		2450107	
    4.0772		2513636		2718028		2368461		2537134	
    4.1312		2536788		2692995		2372175		2533204	
    4.1634		2540916		2540916		2532666		2532666	
    4.2082		2481548		2686358		2361304		2532666	
    4.2622		2545254		2693361		2354522		2530514	
    4.2947		2567778		2567778		2331379		2331379	
    4.3399		2521632		2703239		2371045		2531213	
    4.3964		2538303		2694459		2368300		2532075	
    4.4263		2563545		2563545		2353230		2353230	
    4.4752		2500989		2699790		2350970		2530621	
    4.5282		2552988		2677631		2353876		2498168	
    4.5602		2531091		2531091		2414532		2414532	
    4.6064		2481861		2675436		2368192		2514744	
    4.6592		2532032		2697124		2371637		2537779	
    4.6916		2573631		2573631		2322553		2322553	
    4.7378		2495972		2676795		2355383		2526639	
    4.7941		2571750		2692891		2347041		2487565	
    4.8225		2586853		2586853		2522064		2522064	
    4.8727		2497487		2662580		2362918		2532505	
    4.9256		2502191		2686724		2384554		2523140	
    4.9545		2580739		2580739		2367062		2367062	
    5.0042		2503184		2697751		2351185		2504034	
    5.0322		2568614		2568614		2358935		2358935	
    5.0804		2535742		2670053		2360927		2517005	
    5.1089		2524558		2524558		2482721		2482721	
    5.1581		2523774		2670366		2349248		2484498	
    5.1874		2572638		2572638		2374005		2374005	
    5.2365		2454110		2653382		2365448		2522494	
    5.2894		2576663		2694407		2355921		2526423	
    5.3184		2588892		2588892		2455327		2455327	
    5.3676		2513427		2710817		2375189		2525132	
    5.4205		2553668		2697856		2358613		2524970	
    5.4531		2528426		2528426		2527392		2527392	
    5.4984		2487871		2675906		2364102		2522764	
    5.5549		2562186		2692577		2358343		2539017	
    5.5841		2588892		2588892		2303662		2303662	
    5.6293		2526544		2689964		2363887		2515121	
    5.6619		2544261		2544261		2358828		2358828	
    5.7077		2523252		2683902		2351777		2529006	
    5.7402		2567569		2567569		2413132		2413132	
    5.7857		2510395		2700521		2385792		2524324	
    5.8169		2578335		2578335		2502420		2502420	
    5.8627		2520639		2663886		2371368		2502581	
    5.8918		2577237		2577237		2360173		2360173	
    5.9407		2495449		2681446		2356621		2555863	
    5.9699		2536892		2536892		2446877		2446877	
    6.0180		2512695		2690435		2371422		2494831	
    6.0468		2581105		2581105		2476371		2476371	
    6.0921		2481025		2701044		2350539		2527930	
    6.1246		2607078		2607078		2359097		2359097	
    6.1697		2509350		2696236		2366470		2516574	
    6.2035		2604570		2604570		2316687		2316687	
    6.2477		2510291		2705068		2364694		2570071	
    6.2800		2564486		2564486		2456619		2456619	
    6.3258		2545985		2669949		2374705		2554948	
    6.3581		2549748		2549748		2512807		2512807	
    6.4037		2487923		2658242		2379118		2556132	
    6.4329		2578126		2578126		2492355		2492355	
    6.4818		2546612		2704336		2363456		2519050	
    6.5103		2563963		2563963		2406781		2406781	
    6.5600		2483795		2703814		2375566		2520934	
    6.5887		2548024		2548024		2468082		2468082	
    6.6327		2522886		2725345		2367654		2530514	
    6.6661		2568196		2568196		2517705		2517705	
    6.7104		2536317		2692577		2366793		2518243	
    6.7433		2616642		2616642		2357106		2357106	
    6.7890		2522677		2712750		2373359		2505487	
    6.8217		2611364		2611364		2412002		2412002	
    6.8664		2517817		2688919		2354576		2541654	
    6.8952		2602688		2602688		2313619		2313619	
    6.9442		2537571		2726495		2376212		2549297	
    6.9727		2574415		2574415		2358989		2358989	
    7.0218		2534540		2712332		2367331		2535411	
    7.0506		2601121		2601121		2429547		2429547	
    7.0992		2546822		2719858		2345426		2529276	
    7.1286		2609169		2609169		2343004		2343004	
    7.1737		2506737		2697647		2377073		2503657	
    7.2063		2554347		2554347		2331541		2331541	
    7.2517		2484265		2660385		2362434		2536864	
    7.2844		2584920		2584920		2319754		2319754	
    7.3297		2516615		2680766		2355706		2567542	
    7.3585		2559155		2559155		2466199		2466199	
    7.4076		2527171		2725293		2347418		2549135	
    7.4352		2601068		2601068		2511838		2511838	
    7.4855		2496181		2723986		2349248		2510546	
    7.5163		2580268		2580268		2348441		2348441	
    7.5622		2506685		2705852		2357913		2562160	
    7.5916		2625474		2625474		2358720		2358720	
    7.6404		2501511		2703709		2376481		2502958	
    7.6697		2563754		2563754		2486435		2486435	
    7.7138		2491059		2687665		2351454		2538317	
    7.7485		2608176		2608176		2301832		2301832	
    7.7919		2544261		2695818		2369430		2529921	
    7.8245		2498898		2498898		2364263		2364263	
    7.8700		2498846		2685993		2362111		2551826	
    7.8995		2560357		2560357		2442787		2442787	
    7.9478		2537467		2719910		2359743		2511569	
    7.9766		2602688		2602688		2496069		2496069	
    8.0273		2530150		2729264		2375404		2499836	
    8.0545		2591662		2591662		2312542		2312542	
    8.1049		2479144		2709144		2362703		2512107	
    8.1318		2553249		2553249		2418084		2418084	
    8.1772		2496703		2695922		2347795		2533850	
    8.2098		2583770		2583770		2495046		2495046	
    8.2554		2503549		2730571		2373359		2520772	
    8.2878		2576297		2576297		2514690		2514690	
    8.3332		2500100		2715781		2359043		2495369	
    8.3656		2526544		2526544		2325029		2325029	
    8.4105		2532815		2713743		2346019		2490525	
    8.4394		2524820		2524820		2357644		2357644	
    8.4884		2523409		2727174		2366309		2546767	
    8.5177		2569869		2569869		2518996		2518996	
    8.5668		2498010		2730519		2363994		2568780	
    8.5956		2583875		2583875		2359097		2359097	
    8.6436		2499891		2690853		2368085		2530783	
    8.6729		2561873		2561873		2442895		2442895	
    8.7185		2484161		2668015		2350593		2524217	
    8.7509		2573318		2573318		2346880		2346880	
    8.7953		2495762		2703866		2378849		2527661	
    8.8279		2495501		2495501		2362864		2362864	
    8.8733		2494404		2693623		2362380		2525724	
    8.9056		2544626		2544626		2345911		2345911	
    8.9513		2477367		2695608		2348656		2491871	
    8.9806		2642407		2642407		2430731		2430731	
    9.0294		2502974		2724666		2352746		2530567	
    9.0573		2562813		2562813		2340906		2340906	
    9.1066		2534540		2662789		2373359		2557047	
    9.1357		2603681		2603681		2321315		2321315	
    9.1808		2527955		2701932		2360657		2509093	
    9.2135		2519803		2519803		2412217		2412217	
    9.2587		2500205		2687247		2370937		2549082	
    9.2912		2546194		2546194		2352692		2352692	
    9.3364		2493359		2701409		2368892		2498760	
    9.3691		2542850		2542850		2541116		2541116	
    9.4146		2521579		2671203		2368515		2569641	
    9.4449		2504699		2504699		2335793		2335793	
    9.4929		2496337		2684791		2359689		2522817	
    9.5214		2594850		2594850		2398924		2398924	
    9.5700		2511493		2699267		2351939		2565066	
    9.5984		2588735		2588735		2528038		2528038	
    9.6478		2522102		2732609		2360657		2549835	
    9.6757		2508410		2508410		2362218		2362218	
    9.7209		2506476		2718865		2361465		2519534	
    9.7560		2605249		2605249		2435252		2435252	
    9.7990		2527537		2695922		2368838		2510062	
    9.8328		2507417		2507417		2364963		2364963	
    9.8771		2515151		2693832		2351616		2505003	
    9.9096		2604831		2604831		2306407		2306407	
    9.9542		2500100		2661587		2362434		2547467	
    9.9831		2545358		2545358		2510170		2510170	
   10.0323		2497435		2708569		2377127		2516144	
   10.0608		2509298		2509298		2401884		2401884	
   10.1102		2494979		2673659		2359850		2539017	
   10.1389		2598769		2598769		2499998		2499998	
   10.1877		2519280		2714893		2371744		2524701	
   10.2169		2510187		2510187		2526100		2526100	
   10.2624		2492836		2683432		2360981		2527553	
   10.2954		2499630		2499630		2363133		2363133	
   10.3394		2500832		2694093		2367654		2527446	
   10.3721		2613088		2613088		2359151		2359151	
   10.4178		2490327		2730101		2366093		2509255	
   10.4466		2520691		2520691		2533743		2533743	
   10.4961		2483272		2692943		2368408		2567219	
   10.5239		2610737		2610737		2495853		2495853	
   10.5730		2523618		2708099		2359635		2488857	
   10.6015		2501250		2501250		2435683		2435683	
   10.6509		2491163		2673816		2368677		2556831	
   10.6801		2499055		2499055		2528845		2528845	
   10.7278		2512486		2726495		2357644		2491655	
   10.7570		2587480		2587480		2473303		2473303	
   10.8024		2515256		2716513		2356998		2557639	
   10.8357		2494717		2494717		2417761		2417761	
   10.8806		2516980		2706061		2360173		2502796	
   10.9131		2510866		2510866		2502204		2502204	
   10.9586		2522154		2696393		2366147		2535788	
   10.9875		2581157		2581157		2406404		2406404	
   11.0364		2506581		2724352		2358613		2533097	
   11.0641		2517294		2517294		2349194		2349194	
   11.1133		2489544		2719440		2360819		2568564	
   11.1587		2511755		2604988		2359420		2523625	
   11.1881		2559782		2559782		2539125		2539125	
   11.2323		2525133		2682491		2357106		2522979	
   11.2653		2497696		2497696		2427556		2427556	
   11.3105		2508096		2727226		2372014		2553710	
   11.3562		2511284		2589571		2360765		2535842	
   11.3836		2516980		2582516		2377127		2377127	
   11.4346		2514472		2718342		2357321		2516897	
   11.4777		2502138		2601434		2366201		2519158	
   11.5199		2509194		2586017		2351454		2530944	
   11.5524		2524976		2590512		2511623		2511623	
   11.5977		2499107		2667649		2363348		2539125	
   11.6421		2514420		2514420		2363887		2532397	
   11.6877		2511911		2633784		2360119		2520288	
   11.7160		2499577		2565113		2511085		2511085	
   11.7654		2498271		2689808		2362111		2529006	
   11.8063		2501041		2501041		2358989		2557962	
   11.8515		2512800		2571384		2360227		2513399	
   11.8963		2503602		2594118		2360604		2522279	
   11.9250		2497578		2623018		2484067		2484067	
   11.9748		2521475		2687874		2358935		2494562	
   12.0194		2496494		2572011		2353338		2528145	
   12.0473		2525081		2525081		2525562		2525562	
   12.0929		2508619		2719022		2358236		2525347	
   12.1383		2527642		2527642		2358451		2530567	
   12.1828		2497853		2632739		2366147		2558446	
   12.2115		2510448		2510448		2389344		2389344	
   12.2606		2514890		2667440		2361250		2529599	
   12.3022		2503811		2503811		2362218		2528199	
   12.3466		2501197		2631484		2359581		2527230	
   12.3793		2487138		2618210		2504572		2504572	
   12.4255		2491425		2681603		2357859		2510546	
   12.4579		2497226		2497226		2403283		2403283	
   12.5040		2506999		2725815		2357374		2518296	
   12.5482		2499525		2590198		2362703		2522656	
   12.5765		2495762		2495762		2467813		2467813	
   12.6248		2530307		2716983		2357913		2516843	
   12.6656		2498010		2620562		2359097		2547897	
   12.7111		2527694		2634881		2358289		2534173	
   12.7563		2507156		2604152		2363080		2523302	
   12.7853		2523043		2523043		2356890		2356890	
   12.8345		2508410		2685209		2360227		2558446	
   12.8747		2500048		2612461		2359689		2536057	
   12.9203		2502661		2648208		2360711		2538910	
   12.9654		2503236		2503236		2358236		2514690	
   13.0112		2514994		2641362		2365878		2518673	
   13.0552		2510291		2623750		2360389		2522118	
   13.0961		2507835		2507835		2364640		2530191	
   13.1412		2488080		2634620		2366685		2559092	
   13.1864		2504438		2606033		2363080		2528253	
   13.2318		2513061		2583352		2367278		2534119	
   13.2720		2493933		2588839		2357967		2509039	
   13.3171		2504124		2637285		2363994		2523356	
   13.3625		2491895		2583091		2361465		2558823	
   13.4082		2492209		2622861		2361465		2551234	
   13.4519		2507521		2596208		2365286		2534981	
   13.4938		2502347		2584554		2361142		2511192	
   13.5391		2495553		2577499		2366416		2535088	
   13.5835		2501877		2611259		2357590		2536972	
   13.6291		2504804		2610423		2360550		2529545	
   13.6699		2527433		2626729		2361250		2528738	
   13.7150		2509769		2611730		2357913		2530890	
   13.7604		2491895		2569294		2363618		2509954	
   13.8050		2519646		2621032		2359420		2491602	
   13.8464		2491425		2621764		2360711		2538210	
   13.8905		2496442		2644079		2361842		2521687	
   13.9358		2498950		2597776		2360711		2530514	
   13.9814		2493149		2589205		2360227		2526100	
   14.0259		2499107		2663782		2354953		2548651	
   14.0670		2484840		2631798		2362595		2529921	
   14.1122		2502138		2636867		2363510		2524593	
   14.1576		2499839		2628819		2358397		2491225	
   14.2029		2505170		2605092		2361088		2514314	
   14.2438		2506371		2614499		2360604		2509309	
   14.2882		2521318		2629760		2358505		2567703	
   14.3335		2517137		2638017		2361034		2503927	
   14.3779		2523409		2638644		2359151		2560976	
   14.4196		2492522		2573161		2364963		2516036	
   14.4638		2509037		2603263		2360496		2534389	
   14.5093		2497696		2622548		2364102		2523947	
   14.5545		2493149		2650037		2365017		2532021	
   14.6003		2506737		2608124		2360873		2538371	
   14.6411		2501302		2646797		2364640		2509093	
   14.6853		2498637		2633052		2357428		2539663	
   14.7305		2497435		2664461		2356783		2521095	
   14.7761		2498637		2636658		2359366		2561514	
   14.8172		2512120		2662318		2360173		2532720	
   14.8614		2516406		2681028		2360389		2537887	
   14.9065		2487819		2625840		2359689		2526746	
   14.9520		2495083		2622077		2362165		2539932	
   14.9925		2494142		2640107		2358128		2543376	
   15.0383		2505796		2667910		2361895		2534712	
   15.0830		2514629		2591818		2361949		2525024	
   15.1275		2503654		2641153		2355814		2545637	
   15.1727		2503079		2641675		2364748		2569533	
   15.2141		2518026		2635456		2359043		2529545	
   15.2589		2512016		2671830		2368192		2529706	
   15.3041		2504438		2603681		2364102		2520234	
   15.3487		2504333		2646327		2361088		2549943	
   15.3901		2494665		2631955		2364102		2520288	
   15.4353		2509141		2651500		2361142		2519857	
   15.4806		2499159		2623436		2367708		2504518	
   15.5249		2490275		2663729		2357052		2523625	
   15.5665		2511023		2649357		2361895		2534604	
   15.6106		2507939		2613559		2363779		2533958	
   15.6561		2497539		2620144		2362487		2549781	
   15.7015		2510239		2624377		2361626		2513237	
   15.7457		2516824		2672091		2360281		2521041	
   15.7867		2511755		2655159		2362380		2543861	
   15.8320		2512695		2655211		2365663		2529652	
   15.8775		2500832		2630753		2360765		2515713	
   15.9218		2501041		2669060		2362326		2546875	
   15.9637		2499421		2665193		2358720		2520019	
   16.0091		2499630		2645856		2361895		2539071	
   16.0530		2498010		2670001		2361626		2543323	
   16.0984		2508776		2634986		2357805		2479869	
   16.1400		2489857		2653904		2362541		2513453	
   16.1840		2498010		2668955		2362649		2515821	
   16.2295		2491268		2644184		2362487		2543376	
   16.2750		2499264		2626676		2356783		2558715	
   16.3191		2516040		2648887		2359312		2535573	
   16.3614		2518548		2645752		2362541		2532397	
   16.4054		2516458		2663729		2362810		2537833	
   16.4507		2493933		2666133		2355491		2564044	
   16.4952		2509769		2645490		2362703		2510816	
   16.5371		2497853		2648469		2360927		2526316	
   16.5824		2499003		2667858		2359958		2519965	
   16.6266		2504543		2651971		2356729		2500482	
   16.6719		2518235		2651396		2361250		2521310	
   16.7170		2509925		2663834		2363080		2547844	
   16.7582		2500518		2624743		2360657		2528199	
   16.8035		2497592		2596731		2361788		2522656	
   16.8529		2487244		2631119		2363241		2507586	
   16.8932		2500518		2674652		2361465		2508986	
   16.9340		2506319		2643504		2364479		2523679	
   16.9792		2503706		2624690		2362972		2536003	
   17.0245		2518496		2628976		2361196		2598219	
   17.0700		2503236		2646588		2361734		2537725	
   17.1107		2498637		2668955		2354630		2489772	
   17.1561		2511650		2658085		2361842		2542731	
   17.2003		2499786		2676115		2365017		2501074	
   17.2461		2494613		2665663		2363187		2545852	
   17.2891		2498167		2643661		2362810		2489341	
   17.3318		2498219		2670680		2363348		2552526	
   17.3772		2497644		2680558		2362111		2533958	
   17.4213		2488760		2660228		2353069		2508555	
   17.4667		2511336		2704859		2359528		2516305	
   17.5077		2509089		2657301		2358289		2530729	
   17.5529		2517190		2648365		2360442		2540793	
   17.5981		2501825		2643034		2362757		2499190	
   17.6423		2522154		2700417		2362541		2472657	
   17.6838		2516196		2663886		2363026		2545583	
   17.7291		2500936		2647372		2361357		2550481	
   17.7743		2507678		2662737		2360604		2533850	
   17.8183		2503758		2647790		2356998		2554356	
   17.8599		2506999		2691794		2360335		2534496	
   17.9048		2501355		2667440		2361411		2566681	
   17.9495		2510343		2696340		2358828		2505487	
   17.9947		2514054		2651500		2358828		2533151	
   18.0402		2511284		2673973		2357536		2547736	
   18.0810		2512172		2650612		2363187		2515552	
   18.1264		2512120		2616956		2361465		2571686	
   18.1708		2504072		2685784		2362057		2528576	
   18.2159		2516667		2680348		2360819		2516197	
   18.2579		2491529		2661587		2364210		2508555	
   18.3021		2494456		2612723		2364156		2532236	
   18.3473		2512016		2661952		2358505		2532128	
   18.3925		2514315		2678676		2364425		2518781	
   18.4367		2518078		2694041		2361680		2518834	
   18.4779		2512277		2661743		2363994		2502312	
   18.5230		2499159		2650037		2360657		2527015	
   18.5683		2514681		2690017		2355868		2507801	
   18.6149		2498689		2632373		2352961		2544238	
   18.6544		2502818		2642825		2366955		2502850	
   18.7000		2498114		2650560		2362111		2529868	
   18.7453		2506371		2636658		2356191		2511731	
   18.7896		2514681		2646797		2360873		2518027	
   18.8312		2521684		2674025		2362326		2505326	
   18.8758		2497487		2642355		2362111		2525777	
   18.9210		2498898		2640421		2367923		2524809	
   18.9654		2498794		2686881		2362810		2558177	
   19.0111		2511650		2696758		2363564		2568780	
   19.0526		2512904		2670680		2363994		2533743	
   19.0991		2498062		2692421		2358774		2528145	
   19.1415		2518182		2639271		2362757		2528522	
   19.1867		2493881		2690383		2361411		2517058	
   19.2281		2492157		2658347		2364371		2531805	
   19.2735		2496233		2676638		2364048		2545906	
   19.3181		2498062		2654322		2360442		2578198	
   19.3654		2505954		2705381		2359258		2506133	
   19.4043		2517660		2713482		2370022		2597843	
   19.4494		2509873		2664356		2360765		2554733	
   19.4950		2494665		2634724		2359204		2513775	
   19.5396		2503706		2693466		2358989		2535034	
   19.5800		2515047		2685784		2361842		2531805	
   19.6259		2498062		2645124		2363887		2518350	
   19.6699		2502922		2698901		2360765		2495853	
   19.7155		2510866		2636031		2361250		2550696	
   19.7608		2509350		2696810		2360819		2546229	
   19.8011		2494665		2640630		2363348		2555648	
   19.8465		2510761		2697960		2361680		2546229	
   19.8917		2494979		2676847		2362111		2531751	
   19.9360		2511963		2673345		2365125		2547306	
   19.9777		2497069		2657928		2363672		2535304	
   20.0223		2505013		2714318		2358343		2532182	
   20.0680		2498689		2687508		2353500		2498276	
   20.1131		2510395		2682021		2364479		2528738	
   20.1536		2507835		2647528		2359796		2504357	
   20.1988		2494822		2671360		2363402		2516359	
   20.2439		2492940		2694877		2363887		2560007	
   20.2892		2495397		2655942		2359474		2530944	
   20.3337		2505588		2683745		2364371		2532290	
   20.3743		2502138		2653800		2355437		2545530	
   20.4199		2516196		2706583		2359312		2528791	
   20.4652		2512225		2664200		2361626		2503765	
   20.5094		2510500		2707158		2360765		2516628	
   20.5512		2511284		2691428		2364479		2563075	
   20.5953		2490327		2676586		2361357		2556509	
   20.6405		2511075		2683693		2363080		2507479	
   20.6858		2514524		2690801		2359635		2545314	
   20.7310		2509612		2698953		2360281		2509362	
   20.7720		2499839		2660228		2357644		2528468	
   20.8176		2514002		2712332		2357751		2474326	
   20.8627		2505640		2715154		2356675		2538102	
   20.9067		2509978		2717349		2360119		2509524	
   20.9478		2504333		2668485		2361196		2541977	
   20.9934		2502347		2690748		2363887		2538048	
   21.0377		2507835		2720433		2358451		2515014	
   21.0832		2502400		2688240		2364479		2591815	
   21.1238		2493829		2710764		2357967		2493270	
   21.1690		2505274		2676899		2361842		2508232	
   21.2143		2505796		2645908		2362218		2527715	
   21.2597		2497069		2668224		2367439		2538802	
   21.3000		2500466		2693832		2359258		2555325	
   21.3455		2510082		2693936		2359850		2597466	
   21.3911		2489021		2676586		2361357		2502097	
   21.4350		2511545		2724039		2361680		2594828	
   21.4807		2507730		2712750		2361572		2520611	
   21.5219		2496181		2654950		2364748		2560491	
   21.5675		2501250		2697804		2359312		2530352	
   21.6112		2508776		2702298		2358074		2549082	
   21.6563		2493777		2697281		2363994		2542031	
   21.6979		2505692		2675174		2364156		2534066	
   21.7430		2492157		2693570		2365878		2537295	
   21.7886		2499525		2699215		2357052		2549028	
   21.8323		2506215		2715625		2360927		2511999	
   21.8738		2505901		2691323		2362541		2514852	
   21.9193		2509612		2674756		2358128		2558392	
   21.9635		2493829		2704754		2362057		2512968	
   22.0088		2493568		2703082		2357967		2577014	
   22.0540		2506633		2718290		2361895		2510869	
   22.0948		2501825		2688396		2364263		2542139	
   22.1402		2492470		2682439		2364317		2518727	
   22.1854		2504229		2697072		2361895		2535196	
   22.2298		2493724		2704911		2359581		2536864	
   22.2713		2500466		2720276		2362003		2496984	
   22.3169		2515831		2694616		2362595		2544453	
   22.3605		2512434		2690644		2364156		2528415	
   22.4058		2512591		2694668		2360119		2501451	
   22.4506		2506946		2678885		2357913		2521095	
   22.4922		2516301		2687038		2360604		2518727	
   22.5376		2506633		2721007		2357482		2560545	
   22.5827		2498114		2672771		2362326		2556993	
   22.6268		2503340		2725240		2357967		2583149	
   22.6679		2503758		2710607		2359528		2542300	
   22.7130		2501563		2701409		2364479		2510492	
   22.7585		2519280		2712646		2359474		2533258	
   22.8037		2490746		2696497		2359043		2529437	
   22.8443		2504960		2671203		2361680		2499729	
   22.8895		2499421		2685261		2362595		2558016	
   22.9347		2509403		2726495		2367439		2505595	
   22.9801		2511075		2710921		2359043		2498598	
   23.0203		2502557		2670523		2365502		2533689	
   23.0662		2503758		2726025		2355114		2500644	
   23.1108		2502400		2719230		2358720		2560276	
   23.1561		2498010		2706322		2359904		2534927	
   23.2004		2501145		2720537		2355868		2529652	
   23.2422		2506371		2697856		2356944		2536972	
   23.2872		2505535		2676220		2361250		2515605	
   23.3322		2501302		2681655		2362703		2496876	
   23.3765		2517137		2708674		2358128		2516897	
   23.4184		2513218		2680714		2362810		2489233	
   23.4634		2516249		2697594		2361465		2538371	
   23.5079		2501929		2713168		2359312		2526746	
   23.5531		2502138		2681707		2362810		2514690	
   23.5935		2508410		2725293		2367654		2547198	
   23.6391		2519437		2713900		2361626		2524755	
   23.6845		2517921		2673188		2363510		2497522	
   23.7287		2499107		2714579		2354522		2488588	
   23.7748		2511598		2724300		2358451		2544937	
   23.8150		2490275		2690905		2363241		2543646	
   23.8606		2508253		2682648		2361304		2512592	
   23.9055		2501720		2702873		2360765		2530137	
   23.9504		2482697		2713900		2359474		2512699	
   23.9917		2518862		2723777		2367977		2553441	
   24.0371		2507835		2733602		2361465		2506618	
   24.0816		2489073		2689964		2366524		2525831	
   24.1258		2510082		2677213		2362864		2531482	
   24.1677		2500884		2694459		2359043		2515821	
   24.2132		2501668		2692943		2361680		2532075	
   24.2577		2505744		2731669		2354522		2544130	
   24.3026		2489648		2684268		2355598		2552580	
   24.3480		2488969		2714370		2357644		2470128	
   24.3885		2486251		2722732		2357321		2511892	
   24.4341		2493881		2707472		2356459		2527769	
   24.4792		2484892		2688762		2354522		2501235	
   24.5238		2490484		2705434		2360873		2541547	
   24.5645		2495240		2737731		2355814		2531375	
   24.6103		2502400		2733550		2360227		2521795	
   24.6545		2488760		2734334		2361304		2522602	
   24.6998		2483429		2727958		2362649		2521149	
   24.7425		2497801		2713586		2361465		2524862	
   24.7856		2487192		2719492		2357698		2554087	
   24.8308		2480868		2724352		2358074		2523786	
   24.8764		2498323		2725031		2363941		2520826	
   24.9179		2500205		2685836		2364694		2495692	
   24.9616		2501772		2703448		2362972		2500590	
   25.0072		2522938		2704441		2360873		2509039	
   25.0524		2522154		2695347		2363295		2514690	
   25.0963		2520534		2686620		2363295		2548651	
   25.1386		2514577		2717245		2359258		2524916	
   25.1838		2501877		2722680		2364102		2546337	
   25.2278		2490536		2684216		2348979		2518834	
   25.2732		2500257		2697229		2365340		2542569	
   25.3149		2512486		2736581		2356352		2520880	
   25.3603		2496756		2719701		2360927		2511677	
   25.4063		2511545		2694250		2362380		2524486	
   25.4495		2505796		2693100		2360765		2534765	
   25.4911		2487871		2729787		2364102		2549943	
   25.5353		2505222		2724613		2358613		2504949	
   25.5810		2485049		2693048		2353500		2550373	
   25.6260		2524297		2740344		2368892		2537080	
   25.6700		2503654		2736059		2357052		2527123	
   25.7122		2519593		2695191		2365178		2544722	
   25.7582		2509298		2683066		2363402		2522817	
   25.8015		2523461		2703134		2369484		2554625	
   25.8469		2506842		2684111		2363564		2500644	
   25.8873		2499159		2690121		2362864		2542623	
   25.9327		2513009		2736424		2365555		2537941	
   25.9786		2511023		2731355		2367708		2527123	
   26.0225		2519019		2722941		2362810		2501074	
   26.0639		2507992		2736947		2367923		2527607	
   26.1099		2515047		2737365		2360389		2511354	
   26.1552		2508096		2684895		2362111		2518135	
   26.1987		2501929		2683327		2360711		2501774	
   26.2406		2518026		2698640		2365986		2543969	
   26.2851		2517555		2714631		2359743		2525993	
   26.3303		2499839		2692525		2360012		2510492	
   26.3748		2499055		2736634		2371099		2543269	
   26.4205		2531404		2712071		2365448		2520395	
   26.4633		2527224		2699110		2362111		2542838	
   26.5067		2504960		2698117		2351616		2494346	
   26.5518		2503706		2703500		2360873		2518781	
   26.5959		2486983		2717767		2357913		2514529	
   26.6377		2515831		2680819		2364802		2512053	
   26.6829		2513636		2734909		2358828		2498814	
   26.7269		2483115		2704859		2359743		2533420	
   26.7723		2491268		2707158		2351078		2503281	
   26.8142		2512381		2724300		2358828		2526854	
   26.8580		2495240		2688083		2360927		2485951	
   26.9033		2494665		2682805		2362810		2529383	
   26.9488		2500518		2685888		2364533		2512484	
   26.9928		2502818		2708360		2362703		2478793	
   27.0348		2512643		2700835		2363295		2530406	
   27.0801		2519019		2734961		2357590		2503819	
   27.1243		2511650		2705747		2362649		2517328	
   27.1697		2507573		2731407		2354953		2556455	
   27.2104		2485049		2698901		2355706		2508716	
   27.2561		2506685		2741023		2367439		2528145	
   27.3010		2517451		2716722		2365017		2548597	
   27.3453		2509612		2689546		2364048		2525508	
   27.3870		2488916		2705329		2351024		2505380	
   27.4312		2505796		2702403		2366147		2551450	
   27.4765		2486094		2683275		2365770		2526746	
   27.5221		2501302		2723777		2359581		2499621	
   27.5636		2499786		2704545		2355598		2510762	
   27.6079		2505222		2710190		2357913		2483313	
   27.6530		2499944		2715938		2361788		2550427	
   27.6985		2509559		2712332		2359043		2557693	
   27.7427		2503706		2722575		2360281		2482237	
   27.7844		2497801		2687038		2365340		2532936	
   27.8288		2517242		2719074		2367008		2472980	
   27.8741		2502766		2713639		2367278		2519749	
   27.9201		2501093		2718708		2361949		2550589	
   27.9603		2501668		2707576		2365932		2493378	
   28.0091		2516615		2728272		2365878		2503873	
   28.0510		2495972		2684634		2359258		2484444	
   28.0958		2494038		2694720		2364479		2514637	
   28.1366		2495867		2724718		2362918		2558715	
   28.1808		2504333		2724039		2361250		2504411	
   28.2262		2493933		2723464		2356029		2538102	
   28.2713		2505222		2728011		2360657		2540632	
   28.3166		2519750		2710137		2361411		2506187	
   28.3572		2506319		2722784		2360765		2545906	
   28.4024		2515099		2662945		2363564		2500320	
   28.4478		2502086		2683588		2360066		2547574	
   28.4932		2500152		2726077		2361519		2537456	
   28.5340		2511493		2693623		2364317		2539125	
   28.5790		2506319		2695922		2361572		2464853	
   28.6242		2508148		2719178		2360173		2541708	
   28.6700		2485624		2683641		2362218		2560653	
   28.7134		2504804		2709771		2357536		2498168	
   28.7558		2495867		2686097		2361949		2535088	
   28.8000		2506894		2731094		2358289		2453605	
   28.8452		2509664		2717506		2366147		2522494	
   28.8895		2489752		2731930		2360389		2477447	
   28.9313		2499996		2733289		2361411		2533043	
   28.9765		2509664		2695295		2363402		2528630	
   29.0205		2540446		2699267		2358559		2482291	
   29.0660		2501511		2737522		2357590		2530083	
   29.1077		2513636		2713064		2362326		2574646	
   29.1515		2512068		2722993		2361465		2496123	
   29.1972		2496546		2710346		2363994		2567057	
   29.2423		2494822		2699424		2363080		2572547	
   29.2867		2498846		2710817		2362810		2498383	
   29.3280		2515360		2714423		2365232		2463185	
   29.3729		2507939		2702716		2363241		2519965	
   29.4183		2496651		2728428		2356621		2562375	
   29.4632		2508984		2713012		2363080		2549943	
   29.5043		2512434		2742330		2359312		2486435	
   29.5516		2505640		2702037		2360819		2534389	
   29.5947		2502138		2713482		2362165		2516413	
   29.6406		2512538		2738253		2359528		2456511	
   29.6803		2496024		2687822		2364640		2476855	
   29.7258		2497748		2717663		2359151		2462485	
   29.7713		2505431		2724613		2358720		2451614	
   29.8153		2514942		2718185		2360442		2497037	
   29.8608		2499055		2718969		2358828		2451344	
   29.9015		2505117		2737888		2359904		2488642	
   29.9468		2494247		2686254		2360657		2535142	
   29.9921		2520378		2712750		2358020		2562859	
   30.0365		2516040		2735536		2359958		2547090	
   30.0783		2494299		2739612		2358020		2437351	
   30.1224		2500048		2717558		2360550		2520718	
   30.1676		2500518		2738567		2359635		2544668	
   30.2129		2518496		2736738		2360389		2456726	
   30.2548		2504856		2735327		2361949		2485574	
   30.2990		2501877		2707994		2362218		2453497	
   30.3442		2513322		2712071		2358074		2508017	
   30.3896		2496756		2726704		2358343		2558231	
   30.4339		2481861		2695452		2359151		2553764	
   30.4746		2502452		2732818		2358935		2531859	
   30.5201		2516196		2684999		2361895		2565658	
   30.5651		2491843		2705381		2361142		2514206	
   30.6107		2478098		2684947		2359635		2441226	
   30.6511		2499891		2693309		2364587		2534335	
   30.6963		2494665		2711809		2351831		2549243	
   30.7418		2515726		2684582		2362487		2459848	
   30.7858		2494874		2759628		2356836		2490525	
   30.8277		2506842		2713116		2356890		2450968	
   30.8719		2510918		2719910		2360550		2497253	
   30.9177		2504124		2696915		2363725		2418891	
   30.9629		2508514		2697333		2362326		2456942	
   31.0070		2506685		2699319		2363564		2542731	
   31.0491		2494822		2698326		2362003		2427125	
   31.0935		2495449		2738201		2361519		2499729	
   31.1388		2520064		2730833		2361411		2437997	
   31.1837		2505274		2734125		2358613		2551396	
   31.2254		2495501		2689337		2361680		2469751	
   31.2696		2511963		2699528		2360765		2560491	
   31.3149		2497958		2690330		2364102		2512592	
   31.3603		2495188		2707106		2362326		2514690	
   31.4008		2508096		2710242		2361842		2547897	
   31.4461		2493045		2685679		2350539		2464477	
   31.4913		2511493		2713168		2360873		2567542	
   31.5366		2509455		2730049		2362057		2518834	
   31.5808		2500571		2735484		2358236		2549943	
   31.6225		2508305		2754245		2360066		2469428	
   31.6667		2509821		2729735		2358828		2431216	
   31.7119		2498375		2680923		2363133		2552311	
   31.7584		2488446		2706845		2364748		2480461	
   31.7982		2495501		2698117		2362057		2573139	
   31.8437		2494979		2701723		2363887		2484820	
   31.8908		2502974		2684686		2361626		2436167	
   31.9368		2501041		2690748		2363994		2556939	
   31.9779		2509978		2658503		2362595		2473034	
   32.0197		2506424		2736738		2356459		2457588	
   32.0640		2516092		2677370		2362703		2488965	
   32.1092		2505170		2728428		2357644		2422066	
   32.1547		2514054		2720903		2357967		2454197	
   32.1953		2518705		2719858		2359258		2554463	
   32.2409		2491738		2711705		2361357		2560007	
   32.2848		2505326		2681707		2361572		2515982	
   32.3303		2495240		2706479		2362757		2415877	
   32.3708		2503236		2692003		2363564		2560168	
   32.4163		2489178		2708256		2363672		2549189	
   32.4616		2498219		2684791		2361572		2590523	
   32.5085		2504699		2690592		2362595		2515014	
   32.5511		2506110		2692891		2359958		2559576	
   32.5937		2500936		2697020		2360711		2520395	
   32.6372		2494770		2713273		2359904		2430516	
   32.6833		2506633		2719283		2357859		2567003	
   32.7279		2511075		2717663		2358289		2539878	
   32.7691		2528896		2715781		2357536		2426964	
   32.8139		2494090		2694981		2362757		2524862	
   32.8592		2506946		2715572		2361034		2569479	
   32.9045		2512277		2696393		2362757		2565012	
   32.9454		2497173		2697804		2360227		2528361	
   32.9893		2498898		2681028		2360119		2433153	
   33.0346		2502138		2700260		2362380		2482130	
   33.0801		2491529		2704493		2363295		2422874	
   33.1251		2495240		2715781		2361088		2440849	
   33.1659		2504490		2714214		2358451		2443002	
   33.2111		2508984		2720955		2361572		2444886	
   33.2607		2498428		2735902		2361572		2488265	
   33.3021		2515622		2715520		2359474		2553441	
   33.3444		2501616		2719022		2359958		2453551	
   33.3884		2507103		2736163		2359689		2456780	
   33.4322		2509037		2704336		2362165		2442733	
   33.4778		2502661		2701775		2363133		2503065	
   33.5218		2490118		2722366		2360657		2426318	
   33.5640		2506790		2726965		2360227		2504518	
   33.6089		2498428		2715729		2360281		2555540	
   33.6537		2504333		2727226		2360657		2546821	
   33.6988		2510918		2736111		2358613		2459202	
   33.7405		2497853		2685784		2360765		2432292	
   33.7850		2500832		2694929		2364317		2501289	
   33.8290		2497330		2749699		2358882		2417761	
   33.8745		2510239		2719283		2358343		2458341	
   33.9152		2493829		2697020		2352585		2514906	
   33.9607		2516354		2714370		2360981		2401292	
   34.0060		2495553		2687351		2363510		2495423	
   34.0511		2496181		2706427		2360657		2428686	
   34.0953		2510030		2691846		2362218		2453928	
   34.1375		2504647		2702507		2363241		2439235	
   34.1815		2499107		2682857		2361519		2417061	
   34.2269		2493620		2704754		2359743		2506133	
   34.2723		2495762		2709458		2359528		2434606	
   34.3130		2513949		2710660		2364963		2455650	
   34.3585		2499682		2699737		2361196		2447792	
   34.4034		2507835		2696549		2360012		2420559	
   34.4487		2515779		2739037		2360442		2495800	
   34.4894		2515099		2738045		2357644		2575722	
   34.5344		2499578		2725554		2362649		2495531	
   34.5798		2508619		2729944		2360657		2573516	
   34.6237		2490589		2707367		2360173		2428363	
   34.6691		2530464		2726965		2357913		2474379	
   34.7101		2510761		2726181		2359796		2476478	
   34.7565		2498950		2708413		2362595		2512053	
   34.8004		2513061		2716513		2357428		2407912	
   34.8458		2510500		2716617		2361626		2435360	
   34.8869		2509925		2687560		2362864		2518081	
   34.9320		2502347		2682909		2359312		2442948	
   34.9764		2513897		2701148		2362972		2503550	
   35.0212		2500675		2686149		2363618		2407535	
   35.0634		2499107		2706688		2361196		2563667	
   35.1077		2494090		2681864		2360819		2526316	
   35.1526		2513166		2682648		2361842		2577337	
   35.1986		2500936		2688501		2363833		2506025	
   35.2434		2507782		2672039		2363348		2581535	
   35.2844		2506058		2715886		2360335		2538425	
   35.3285		2518705		2722627		2356244		2426480	
   35.3788		2501407		2686045		2362218		2569748	
   35.4194		2492679		2696810		2364802		2494024	
   35.4599		2488028		2732191		2357913		2408342	
   35.5052		2501459		2690539		2362703		2474110	
   35.5507		2501772		2702977		2361357		2480407	
   35.5948		2487192		2686985		2363080		2578844	
   35.6366		2488603		2696810		2364210		2490579	
   35.6818		2496024		2684738		2361088		2487135	
   35.7261		2494351		2742016		2360927		2459902	
   35.7713		2513688		2716513		2356675		2427663	
   35.8154		2505326		2729944		2359850		2435360	
   35.8569		2505431		2733916		2360119		2540955	
   35.9021		2506476		2719596		2362595		2569318	
   35.9476		2496599		2740971		2359581		2486758	
   35.9918		2518235		2737261		2358559		2563720	
   36.0337		2505117		2719074		2358720		2466737	
   36.0781		2506006		2720798		2358666		2551719	
   36.1232		2499996		2680819		2363833		2392411	
   36.1683		2511493		2712280		2359528		2498598	
   36.2089		2501511		2691794		2359635		2563344	
   36.2543		2502347		2683588		2363564		2463292	
   36.3011		2491320		2694720		2360281		2562429	
   36.3456		2528164		2683850		2363026		2462001	
   36.3890		2506581		2708465		2360389		2456888	
   36.4312		2496599		2699580		2362057		2499513	
   36.4760		2503236		2690539		2362434		2441280	
   36.5220		2510343		2729683		2360657		2565120	
   36.5675		2493149		2718394		2361304		2401238	
   36.6077		2517346		2694511		2363833		2517220	
   36.6511		2489544		2737261		2359904		2562590	
   36.6982		2505431		2727017		2362057		2487027	
   36.7435		2507051		2753514		2360711		2394295	
   36.7841		2524349		2699267		2360442		2430624	
   36.8275		2518705		2717140		2358236		2424919	
   36.8746		2513583		2723673		2359689		2582288	
   36.9181		2507678		2699842		2362757		2502689	
   36.9625		2494613		2689128		2361734		2553172	
   37.0052		2517555		2714318		2360335		2431270	
   37.0497		2511650		2729996		2358989		2518727	
   37.0937		2513218		2716461		2356890		2388106	
   37.1388		2505117		2731041		2360819		2512376	
   37.1804		2505379		2708204		2360496		2391012	
   37.2247		2509716		2732452		2361895		2426641	
   37.2700		2518601		2734438		2359312		2403337	
   37.3153		2518496		2730624		2358182		2383800	
   37.3558		2509350		2710451		2361088		2463830	
   37.4012		2504647		2721948		2358882		2414585	
   37.4467		2503915		2727801		2358397		2504842	
   37.4919		2510657		2733446		2358451		2391927	
   37.5361		2500100		2694616		2360550		2564635	
   37.5780		2504647		2710660		2361734		2449138	
   37.6218		2502974		2692107		2358505		2581696	
   37.6672		2498950		2684007		2363080		2503227	
   37.7125		2499159		2698901		2361519		2567380	
   37.7550		2477628		2680505		2361519		2541600	
   37.7988		2492261		2693727		2362003		2438750	
   37.8444		2503131		2687404		2362326		2589393	
   37.8891		2503602		2688606		2364102		2481537	
   37.9327		2505692		2685418		2361734		2417384	
   37.9753		2497226		2687247		2362272		2442841	
   38.0191		2479091		2696340		2364425		2453874	
   38.0644		2489491		2701671		2361949		2565874	
   38.1096		2502974		2719544		2361196		2507371	
   38.1502		2496442		2693884		2361519		2427287	
   38.1956		2493254		2707315		2360981		2527338	
   38.2408		2495867		2698901		2361519		2413993	
   38.2860		2500884		2716356		2361626		2555163	
   38.3279		2517294		2744211		2361680		2504518	
   38.3718		2515360		2724457		2359204		2400754	
   38.4175		2513166		2736477		2361196		2439612	
   38.4615		2516876		2707890		2360281		2372875	
   38.5067		2509716		2738410		2358828		2540255	
   38.5481		2511493		2737835		2359689		2524163	
   38.5927		2505588		2712228		2356298		2571524	
   38.6382		2506162		2747870		2359043		2486704	
   38.6836		2507051		2681289		2363187		2390743	
   38.7251		2491843		2708674		2360173		2414047	
   38.7700		2516510		2725240		2360442		2515821	
   38.8138		2507051		2722209		2358774		2581696	
   38.8594		2499316		2717454		2359850		2488104	
   38.9043		2503706		2732244		2358989		2374166	
   38.9456		2491582		2705225		2363618		2443002	
   38.9900		2498794		2698013		2362703		2443702	
   39.0353		2505483		2691584		2361842		2562698	
   39.0805		2505692		2691794		2363295		2455381	
   39.1214		2490902		2694668		2361842		2554463	
   39.1666		2498898		2695138		2364963		2545153	
   39.2118		2489700		2709040		2360335		2404144	
   39.2561		2490066		2694511		2363080		2546929	
   39.2992		2503497		2691375		2362972		2517758	
   39.3429		2507365		2700782		2361734		2580082	
   39.3871		2494090		2696393		2363295		2482183	
   39.4338		2488707		2696236		2361465		2484336	
   39.4792		2491163		2703814		2362111		2531698	
   39.5200		2503340		2708099		2363456		2432615	
   39.5642		2498010		2698640		2361196		2390366	
   39.6096		2493411		2705434		2364317		2482668	
   39.6538		2492261		2703134		2360119		2551288	
   39.6945		2505326		2694145		2363779		2428902	
   39.7423		2508462		2682073		2362111		2557639	
   39.7853		2502713		2707158		2360012		2575992	
   39.8307		2509925		2684425		2363618		2467006	
   39.8710		2511702		2693570		2360657		2392358	
   39.9166		2493724		2712018		2361572		2522387	
   39.9607		2477210		2691480		2362757		2425188	
   40.0059		2502557		2694563		2363618		2584549	
   40.0511		2488341		2694250		2362326		2475402	
   40.0919		2492366		2685574		2357913		2560276	
   40.1380		2493672		2692421		2363295		2544991	
   40.1829		2497435		2699842		2362864		2381163	
   40.2276		2502609		2715938		2357052		2563774	
   40.2689		2515674		2724091		2360927		2500213	
   40.3132		2508828		2734804		2359689		2469589	
   40.3590		2506058		2726599		2362649		2437082	
   40.4037		2513740		2698431		2359366		2565820	
   40.4487		2505901		2734595		2360711		2553979	
   40.4897		2512695		2730467		2361142		2412648	
   40.5376		2484997		2704388		2358666		2576368	
   40.5802		2494195		2694041		2363618		2478039	
   40.6248		2514002		2699894		2359043		2555917	
   40.6665		2510239		2738045		2359635		2403875	
   40.7102		2518810		2736059		2357374		2537295	
   40.7572		2505170		2699946		2363133		2551288	
   40.8009		2493306		2702664		2365232		2465822	
   40.8412		2496024		2681394		2361465		2403929	
   40.8867		2509664		2700835		2362918		2504357	
   40.9327		2506371		2727592		2358666		2419160	
   40.9764		2507417		2744316		2361304		2511999	
   41.0217		2504751		2732087		2361465		2459956	
   41.0636		2509403		2720537		2356513		2398708	
   41.1081		2509455		2730989		2361680		2533958	
   41.1535		2509037		2721739		2356621		2556993	
   41.1979		2523147		2710660		2361034		2544615	
   41.2404		2507782		2733759		2358935		2528468	
   41.2848		2498532		2716617		2356998		2359528	
   41.3292		2514785		2732923		2360119		2496176	
   41.3739		2482750		2741389		2359850		2391227	
   41.4190		2518705		2729996		2358720		2433368	
   41.4602		2528007		2705120		2362918		2550750	
   41.5056		2501825		2701775		2360227		2472388	
   41.5510		2491477		2703500		2364479		2497737	
   41.5952		2506371		2696863		2360066		2372337	
   41.6360		2502138		2732139		2360550		2414370	
   41.6817		2528530		2676638		2365340		2436059	
   41.7269		2507365		2683693		2360981		2578467	
   41.7711		2506685		2673973		2364855		2465553	
   41.8149		2496024		2694825		2359366		2397740	
   41.8571		2488916		2700887		2361250		2515767	
   41.9027		2507051		2683641		2362703		2549889	
   41.9480		2493463		2695034		2361034		2582934	
   41.9918		2508253		2693727		2362380		2462162	
   42.0359		2488603		2697281		2360765		2377934	
   42.0795		2499996		2718969		2361626		2529168	
   42.1237		2509298		2718394		2361572		2348979	
   42.1691		2520221		2714370		2358882		2545906	
   42.2101		2502086		2720119		2358720		2513076	
   42.2559		2498062		2694145		2363402		2393918	
   42.3014		2511284		2719022		2363295		2476640	
   42.3448		2501668		2683693		2360173		2397793	
   42.3884		2509612		2707785		2364156		2565497	
   42.4317		2507626		2703657		2362541		2439504	
   42.4763		2489961		2685574		2360173		2392196	
   42.5205		2508828		2695556		2363994		2492624	
   42.5657		2504699		2677004		2362218		2384769	
   42.6069		2508671		2702141		2361788		2543376	
   42.6524		2503968		2719492		2359528		2539178	
   42.6978		2506162		2687979		2360335		2560868	
   42.7419		2499421		2688187		2363510		2500536	
   42.7829		2481338		2697647		2362057		2500105	
   42.8282		2503549		2699528		2361250		2494562	
   42.8745		2495762		2692682		2360873		2404413	
   42.9191		2499107		2690905		2360711		2549082	
   42.9594		2510552		2685261		2361519		2449407	
   43.0051		2476583		2698013		2360873		2577175	
   43.0496		2507573		2685365		2364479		2529437	
   43.0945		2512591		2685679		2358343		2542354	
   43.1402		2504908		2689651		2363241		2550589	
   43.1808		2502974		2702977		2362003		2522064	
   43.2254		2507469		2698744		2362380		2590846	
   43.2705		2491059		2674234		2364371		2476909	
   43.3163		2503863		2692055		2362218		2384984	
   43.3577		2499316		2678676		2362487		2542408	
   43.4025		2492993		2701984		2362380		2386545	
   43.4475		2504020		2716879		2361842		2577445	
   43.4914		2490850		2706218		2363402		2481215	
   43.5382		2500936		2696131		2359850		2401938	
   43.5778		2472872		2685679		2360389		2428148	
   43.6231		2501772		2706008		2366147		2551934	
   43.6683		2513897		2693727		2363941		2577445	
   43.7125		2503549		2690801		2363241		2474917	
   43.7537		2494665		2715102		2359474		2573946	
   43.7994		2495762		2694354		2359743		2436490	
   43.8447		2493463		2676899		2360335		2385307	
   43.8887		2489961		2730414		2359097		2581696	
   43.9303		2520116		2680610		2364425		2453013	
   43.9759		2504751		2727070		2360981		2535734	
   44.0200		2506006		2715206		2359850		2486650	
   44.0654		2499264		2715206		2360604		2553010	
   44.1068		2519489		2684372		2361411		2553602	
   44.1513		2480868		2698744		2361519		2518673	
   44.1968		2509455		2684686		2359097		2574861	
   44.2408		2515256		2688867		2362864		2438912	
   44.2861		2515517		2693048		2361680		2556563	
   44.3270		2495501		2697542		2362380		2473088	
   44.3722		2509925		2685209		2360927		2398224	
   44.4176		2488969		2705277		2361034		2376535	
   44.4631		2494508		2705277		2363295		2501074	
   44.5032		2494613		2718499		2357428		2567057	
   44.5491		2504856		2727017		2361304		2431162	
   44.5936		2511389		2697385		2363348		2429386	
   44.6391		2499107		2689651		2358882		2389559	
   44.6846		2515099		2727383		2361196		2494185	
   44.7252		2507939		2716042		2361680		2541870	
   44.7692		2524767		2720067		2358882		2493539	
   44.8146		2514681		2719335		2360657		2554410	
   44.8599		2506476		2679251		2362326		2395210	
   44.9010		2488655		2704911		2365071		2513722	
   44.9461		2510761		2715625		2364640		2361196	
   44.9904		2497173		2696497		2360711		2499621	
   45.0355		2494404		2705852		2359204		2566950	
   45.0771		2489805		2694145		2360119		2399677	
   45.1216		2508776		2689912		2364694		2527123	
   45.1671		2506790		2685836		2362434		2394564	
   45.2124		2492940		2697490		2363564		2478900	
   45.2527		2508514		2705747		2359796		2582288	
   45.2996		2501093		2726599		2358343		2430355	
   45.3437		2503027		2712541		2360711		2540847	
   45.3879		2511545		2723202		2359528		2556563	
   45.4331		2502609		2707576		2359366		2498437	
   45.4772		2500048		2699058		2361734		2403445	
   45.5196		2492679		2670001		2361680		2516359	
   45.5638		2490066		2703866		2362810		2390743	
   45.6091		2495292		2692369		2360066		2372175	
   45.6505		2507051		2686985		2364210		2507317	
   45.6950		2508567		2690330		2361626		2548812	
   45.7407		2507678		2692055		2363564		2530567	
   45.7858		2499212		2695399		2359743		2555217	
   45.8299		2495135		2724143		2358236		2387890	
   45.8722		2507992		2734543		2359420		2432615	
   45.9162		2518026		2731982		2357913		2364802	
   45.9618		2509664		2735379		2361680		2451614	
   46.0069		2493463		2701148		2361034		2390743	
   46.0471		2506685		2693570		2362218		2507263	
   46.0930		2504229		2693152		2360981		2396502	
   46.1387		2498062		2702559		2363887		2556831	
   46.1824		2492993		2703395		2363510		2481430	
   46.2239		2503758		2729056		2360496		2558339	
   46.2683		2511336		2735013		2358774		2397309	
   46.3140		2506110		2724195		2357159		2381540	
   46.3591		2506215		2731669		2361034		2348441	
   46.4038		2467489		2695086		2361034		2494346	
   46.4461		2493359		2697751		2360281		2377449	
   46.4903		2507835		2704702		2361304		2427179	
   46.5345		2501041		2724091		2356513		2552257	
   46.5798		2516301		2695556		2357859		2546337	
   46.6217		2521893		2731982		2361250		2493324	
   46.6660		2522206		2726704		2355760		2372337	
   46.7119		2516301		2727279		2361572		2432507	
   46.7565		2521370		2723464		2360442		2550212	
   46.8009		2505535		2721582		2359850		2520449	
   46.8422		2486826		2673084		2367008		2400700	
   46.8885		2494142		2701357		2362703		2378095	
   46.9328		2503079		2690748		2363295		2455273	
   46.9767		2478464		2690069		2360173		2438427	
   47.0185		2492627		2700992		2364210		2527284	
   47.0643		2489021		2692525		2360119		2556778	
   47.1093		2508096		2712698		2363348		2350862	
   47.1538		2527015		2719387		2361142		2493431	
   47.1945		2511963		2697908		2362057		2547844	
   47.2402		2516719		2718917		2361949		2423842	
   47.2852		2511963		2728219		2362649		2557155	
   47.3291		2487610		2718603		2359366		2548597	
   47.3745		2503497		2702089		2361788		2506402	
   47.4155		2495606		2691375		2361465		2400861	
   47.4606		2510030		2685157		2362757		2433961	
   47.5063		2500414		2695504		2364802		2381109	
   47.5503		2503706		2691219		2364855		2390797	
   47.5920		2500309		2694459		2362757		2375297	
   47.6370		2503027		2696863		2360711		2549458	
   47.6825		2496494		2675645		2362487		2465876	
   47.7263		2497696		2694563		2360873		2558339	
   47.7680		2495135		2722262		2363725		2418837	
   47.8125		2496128		2706531		2363564		2567811	
   47.8578		2494874		2719178		2361519		2382509	
   47.9041		2520168		2684582		2363672		2426533	
   47.9478		2507626		2687979		2361142		2384285	
   47.9894		2489596		2699894		2362380		2427502	
   48.0339		2512800		2714893		2356836		2553818	
   48.0791		2488812		2735588		2361142		2389774	
   48.1244		2510343		2692107		2366524		2452636	
   48.1648		2500623		2710555		2364156		2566089	
   48.2108		2499055		2696183		2365717		2463669	
   48.2575		2502713		2683954		2361142		2560707	
   48.3002		2490066		2729056		2360335		2405813	
   48.3411		2516144		2685940		2363618		2540847	
   48.3869		2502400		2671412		2362057		2565335	
   48.4315		2496703		2702089		2360927		2467329	
   48.4762		2494665		2697176		2362218		2355975	
   48.5219		2482175		2699946		2363779		2504411	
   48.5626		2493672		2689703		2359796		2344350	
   48.6082		2519384		2728063		2358935		2590092	
   48.6544		2498532		2693466		2364371		2458933	
   48.6986		2495135		2746668		2354899		2368300	
   48.7388		2492366		2723568		2361895		2508124	
   48.7831		2513583		2726547		2358236		2371960	
   48.8284		2505431		2718708		2357106		2519265	
   48.8737		2502400		2726547		2358559		2415715	
   48.9188		2513009		2732296		2356244		2525777	
   48.9595		2510082		2727436		2356998		2471150	
   49.0047		2509246		2730467		2359528		2342843	
   49.0502		2513479		2726338		2359904		2383047	
   49.0943		2520168		2738515		2361788		2538856	
   49.1360		2499996		2730937		2358397		2349947	
   49.1807		2506162		2724875		2359204		2453658	
   49.2264		2505744		2727801		2358935		2434499	
   49.2717		2542641		2708151		2359151		2497199	
   49.3119		2507730		2730885		2362057		2508232	
   49.3579		2505535		2708413		2356352		2382401	
   49.4019		2505849		2726861		2362864		2403014	
   49.4475		2506685		2725659		2361411		2382885	
   49.4920		2521579		2693414		2364425		2421259	
   49.5333		2497696		2693152		2362111		2373951	
   49.5789		2489857		2706845		2359204		2391550	
   49.6231		2500309		2695818		2361572		2411141	
   49.6686		2503549		2697908		2358935		2564205	
   49.7091		2501877		2702559		2361734		2457318	
   49.7548		2496076		2700939		2361142		2562967	
   49.7990		2490641		2690383		2363348		2392573	
   49.8458		2522834		2690173		2364102		2506348	
   49.8875		2499003		2683798		2362218		2372767	
   49.9303		2488760		2696236		2362864		2485251	
   49.9762		2493045		2706165		2362649		2376481	
   50.0207		2496390		2682752		2360550		2400700	
   50.0679		2494247		2687926		2360496		2381863	
   50.1064		2505588		2683693		2359743		2563398	
   50.1523		2489335		2686515		2363026		2412755	
   50.1968		2500466		2695504		2363887		2569318	
   50.2422		2501459		2694511		2361411		2510008	
   50.2830		2496860		2686306		2363779		2369000	
   50.3290		2491582		2692839		2359958		2538156	
   50.3726		2488028		2693518		2363564		2503765	
   50.4193		2468796		2719074		2359204		2539340	
   50.4630		2512381		2713743		2358451		2471634	
   50.5036		2508723		2710869		2358882		2357267	
   50.5491		2495135		2727331		2358182		2502581	
   50.5935		2525238		2720224		2361034		2505111	
   50.6394		2490641		2730205		2359097		2366524	
   50.6804		2507887		2719387		2361304		2461516	
   50.7265		2509664		2750483		2357698		2336223	
   50.7705		2511702		2718656		2356729		2506187	
   50.8151		2515569		2723829		2361465		2505380	
   50.8598		2507573		2731146		2361142		2365717	
   50.9016		2504804		2728376		2360657		2465391	
   50.9461		2508253		2718447		2359581		2562375	
   50.9915		2543111		2725920		2360765		2396071	
   51.0368		2511911		2726181		2355276		2540686	
   51.0776		2501668		2724457		2359743		2382347	
   51.1226		2501616		2724039		2358182		2398870	
   51.1676		2509925		2713900		2359958		2548113	
   51.2129		2496808		2732714		2360927		2455435	
   51.2532		2513793		2721321		2361250		2327935	
   51.2989		2508253		2724979		2357428		2352423	
   51.3432		2512172		2725031		2361680		2416576	
   51.3888		2507156		2729056		2358666		2546659	
   51.4338		2521370		2729578		2361250		2453766	
   51.4743		2507992		2725868		2356621		2356029	
   51.5196		2522050		2717663		2356890		2517812	
   51.5653		2492731		2730937		2358397		2515498	
   51.6091		2503236		2732452		2361842		2346019	
   51.6508		2515622		2721164		2364963		2464692	
   51.6955		2498323		2702507		2361034		2543700	
   51.7407		2502609		2699006		2361196		2520180	
   51.7862		2493986		2673711		2362703		2382455	
   51.8266		2502713		2725554		2357967		2350809	
   51.8723		2510709		2694877		2362972		2436113	
   51.9177		2492366		2689598		2360765		2370184	
   51.9618		2494456		2685784		2362810		2424327	
   52.0070		2515988		2683954		2359635		2325997	
   52.0476		2509559		2722575		2361411		2370076	
   52.0931		2507678		2729578		2363725		2514744	
   52.1386		2528739		2726913		2357913		2537295	
   52.1828		2505379		2705538		2358289		2438481	
   52.2246		2504856		2696183		2366955		2552903	
   52.2693		2504804		2694511		2363080		2513453	
   52.3145		2523200		2719858		2357213		2404521	
   52.3588		2515151		2699842		2359635		2553872	
   52.4004		2515308		2684372		2366093		2456081	
   52.4448		2504333		2692316		2358613		2562052	
   52.4901		2496546		2714631		2358451		2408127	
   52.5353		2502713		2724823		2361304		2377988	
   52.5808		2506528		2695974		2363348		2515121	
   52.6211		2497592		2693675		2363564		2480515	
   52.6669		2510866		2695870		2361949		2556401	
   52.7112		2505954		2694877		2360550		2443110	
   52.7581		2480607		2700312		2359635		2335416	
   52.7972		2511598		2725136		2360496		2514314	
   52.8430		2514263		2697647		2362487		2387191	
   52.8871		2479823		2688344		2361680		2335954	
   52.9327		2498010		2695138		2361734		2435683	
   52.9741		2506319		2718656		2360173		2549404	
   53.0194		2501825		2715834		2359904		2518942	
   53.0633		2514942		2732087		2362218		2338484	
   53.1090		2532189		2718133		2359151		2530352	
   53.1542		2519280		2733916		2359258		2477232	
   53.1946		2519855		2732087		2358074		2570233	
   53.2404		2478203		2712018		2362541		2413455	
   53.2846		2491425		2718394		2359689		2569641	
   53.3301		2506371		2738881		2358128		2532882	
   53.3716		2513949		2723934		2360012		2430031	
   53.4162		2510918		2700521		2361304		2544937	
   53.4614		2479927		2690957		2364694		2506402	
   53.5067		2504856		2689964		2361949		2323845	
   53.5469		2504385		2751684		2360496		2393219	
   53.5923		2505379		2722784		2361895		2383800	
   53.6367		2522729		2704075		2358828		2358828	
   53.6822		2508462		2721007		2360765		2428148	
   53.7277		2512277		2724457		2357374		2542569	
   53.7677		2512120		2722680		2357698		2357698	
   53.8020		2479666		2479666		2363941		2507963	
   53.8570		2506319		2688031		2359528		2562913	
   53.8918		2502922		2699737		2365394		2475617	
   53.9318		2506424		2676167		2358020		2358020	
   53.9695		2561716		2561716		2363618		2488050	
   54.0136		2497644		2728794		2362487		2440150	
   54.0553		2506894		2726390		2358397		2349517	
   54.0959		2480398		2691166		2361357		2361357	
   54.1333		2651448		2651448		2362380		2515605	
   54.1786		2480137		2712907		2359474		2551719	
   54.2226		2511441		2696079		2360819		2460279	
   54.2671		2475433		2692630		2364533		2364533	
   54.3007		2564224		2564224		2360227		2491333	
   54.3423		2520743		2728115		2361734		2383746	
   54.3867		2504229		2727540		2362595		2361196	
   54.4281		2499734		2697124		2363187		2363187	
   54.4645		2496860		2496860		2364640		2523356	
   54.5101		2487714		2699580		2361895		2357913	
   54.5546		2508932		2703291		2362003		2476424	
   54.5955		2495135		2689233		2361842		2361842	
   54.6283		2551838		2551838		2355114		2502474	
   54.6741		2485833		2702925		2359420		2360550	
   54.7189		2500518		2686463		2360281		2378203	
   54.7607		2497853		2700992		2361842		2361842	
   54.7971		2620980		2620980		2357213		2527984	
   54.8372		2496964		2697699		2359420		2507425	
   54.8827		2502504		2692159		2365609		2365609	
   54.9154		2592184		2592184		2359366		2553172	
   54.9607		2496285		2689598		2360981		2397578	
   55.0061		2511702		2714214		2362003		2355814	
   55.0465		2523670		2721844		2353015		2353015	
   55.0830		2482697		2482697		2364533		2495853	
   55.1283		2504595		2690173		2357482		2525078	
   55.1688		2507573		2694041		2360173		2491817	
   55.2106		2499944		2719283		2356029		2356029	
   55.2468		2613716		2613716		2359366		2539609	
   55.2920		2532502		2725868		2362541		2362541	
   55.3376		2520482		2719440		2361034		2563182	
   55.3779		2504385		2679146		2356944		2356944	
   55.4154		2507782		2507782		2357590		2520449	
   55.4558		2490432		2677056		2363994		2542785	
   55.5014		2477889		2692264		2360657		2456027	
   55.5417		2494979		2721373		2361357		2361357	
   55.5801		2540812		2540812		2356783		2546713	
   55.6209		2510395		2690748		2363833		2363833	
   55.6567		2522468		2522468		2357967		2529330	
   55.7018		2484997		2687299		2359204		2389828	
   55.7422		2512695		2716670		2297328		2362864	
   55.7764		2572743		2572743		2360442		2548812	
   55.8204		2508984		2696968		2363510		2363510	
   55.8657		2488237		2699998		2359581		2357698	
   55.9062		2542013		2722053		2358720		2358720	
   55.9439		2637912		2637912		2361304		2506510	
   55.9880		2522625		2713116		2363080		2347741	
   56.0296		2510448		2700573		2365178		2475187	
   56.0709		2490850		2681237		2360227		2360227	
   56.1071		2574990		2574990		2355276		2516520	
   56.1524		2518914		2691375		2362595		2434660	
   56.1931		2513166		2693675		2538910		2538910	
   56.2307		2583613		2583613		2359796		2486166	
   56.2711		2490484		2709615		2361734		2361734	
   56.3075		2521841		2521841		2361196		2547198	
   56.3488		2500414		2726861		2358559		2499083	
   56.3902		2487087		2695556		2362864		2362864	
   56.4269		2566367		2566367		2360765		2486973	
   56.4682		2511284		2722575		2358074		2358074	
   56.5051		2506790		2506790		2363080		2529599	
   56.5502		2514054		2699790		2358182		2346772	
   56.5906		2523461		2731825		2415571		2481107	
   56.6270		2663573		2663573		2360389		2563505	
   56.6724		2510448		2688553		2361142		2499352	
   56.7131		2491268		2697908		2499998		2499998	
   56.7459		2531300		2531300		2357590		2490741	
   56.7872		2504960		2693988		2360857		2440473	
   56.8237		2517346		2517346		2359689		2521795	
   56.8689		2491477		2696968		2364748		2546767	
   56.9106		2500571		2674756		2358397		2358397	
   56.9470		2638644		2638644		2357482		2534658	
   56.9885		2512591		2692839		2361357		2468621	
   57.0249		2669321		2669321		2360927		2512807	
   57.0662		2492313		2670837		2360711		2333048	
   57.1098		2488760		2700992		2360227		2360227	
   57.1441		2664879		2664879		2362111		2506025	
   57.1848		2495658		2725084		2358343		2358343	
   57.2220		2504438		2504438		2363564		2506402	
   57.2668		2515779		2724509		2357213		2342520	
   57.3071		2507992		2693257		2337370		2402906	
   57.3445		2628192		2628192		2363295		2521095	
   57.3893		2509716		2693309		2360819		2547413	
   57.4296		2502766		2696654		2440203		2440203	
   57.4624		2639376		2639376		2361196		2526423	
   57.5038		2499055		2696549		2360281		2360281	
   57.5403		2498637		2498637		2364317		2556347	
   57.5861		2510552		2694720		2363833		2567111	
   57.6277		2490171		2719701		2363080		2363080	
   57.6639		2491320		2491320		2361949		2540201	
   57.7043		2504020		2700051		2362703		2362703	
   57.7425		2602270		2602270		2362918		2496822	
   57.7820		2473081		2709824		2359043		2537941	
   57.8273		2515413		2698901		2361949		2361949	
   57.8601		2501407		2501407		2359312		2490418	
   57.9016		2512329		2692786		2359114		2326858	
   57.9380		2562082		2562082		2361949		2495531	
   57.9834		2500884		2687038		2361949		2459310	
   58.0240		2511859		2693727		2360981		2360981	
   58.0605		2528791		2528791		2359904		2542515	
   58.1022		2493045		2698483		2363725		2363725	
   58.1397		2557117		2557117		2357374		2538802	
   58.1793		2489335		2697960		2439289		2439289	
   58.2156		2517869		2517869		2363672		2503173	
   58.2573		2515465		2726025		2357698		2357698	
   58.2904		2656047		2656047		2358343		2532613	
   58.3358		2515151		2733446		2358774		2358774	
   58.3759		2503968		2690330		2428363		2428363	
   58.4126		2507103		2507103		2361895		2538210	
   58.4543		2513166		2701514		2360657		2360657	
   58.4910		2623175		2623175		2358074		2489126	
   58.5354		2496494		2698587		2362810		2518189	
   58.5770		2513061		2701671		2360657		2360657	
   58.6134		2499891		2499891		2362003		2551342	
   58.6501		2488969		2695086		2361304		2361304	
   58.6879		2591975		2591975		2361465		2559630	
   58.7281		2508201		2699528		2467490		2467490	
   58.7663		2594850		2594850		2364317		2534658	
   58.8067		2513583		2691114		2363241		2363241	
   58.8432		2646954		2646954		2359850		2535573	
   58.8887		2501720		2719596		2359043		2556509	
   58.9290		2506946		2693361		2431108		2431108	
   58.9658		2627460		2627460		2360873		2522387	
   59.0077		2513113		2694145		2363402		2363402	
   59.0437		2518548		2518548		2360819		2545960	
   59.0841		2514681		2718603		2325083		2325083	
   59.1182		2585704		2585704		2358828		2501235	
   59.1586		2483168		2721635		2360657		2360657	
   59.1950		2547135		2547135		2360496		2482452	
   59.2362		2498898		2729735		2356137		2356137	
   59.2728		2517294		2517294		2355868		2502312	
   59.3140		2490955		2711914		2495907		2495907	
   59.3516		2605720		2605720		2359366		2472549	
   59.3919		2542327		2700155		2357805		2357805	
   59.4284		2593700		2593700		2356191		2484820	
   59.4737		2501720		2720171		2363187		2439235	
   59.5141		2497958		2720171		2361034		2361034	
   59.5470		2563754		2563754		2349947		2485305	
   59.5884		2507260		2726025		2356836		2356836	
   59.6261		2649357		2649357		2364640		2501289	
   59.6664		2507678		2730153		2385038		2385038	
   59.7030		2491111		2491111		2366363		2519211	
   59.7442		2495083		2726025		2361088		2361088	
   59.7805		2599971		2599971		2357590		2546767	
   59.8220		2509403		2723673		2356406		2356406	
   59.8585		2608960		2608960		2359904		2494078	
   59.9001		2514524		2737208		2397901		2397901	
   59.9366		2536683		2536683		2360119		2502097	
   59.9772		2497278		2721373		2355330		2355330	
   60.0106		2520168		2520168		2367062		2486704	
   60.0555		2518601		2728690		2358559		2510062	
   60.0968		2514211		2722471		2418299		2418299	
   60.1338		2679826		2679826		2355383		2523679	
   60.1739		2495188		2726286		2355383		2355383	
   60.2117		2629864		2629864		2359635		2549297	
   60.2522		2496233		2726704		2513937		2513937	
   60.2887		2567726		2567726		2359420		2548382	
   60.3303		2498950		2718603		2361680		2361680	
   60.3669		2537414		2537414		2365394		2507048	
   60.4081		2482018		2719178		2358289		2358289	
   60.4411		2649776		2649776		2357859		2529168	
   60.4848		2504699		2744002		2533474		2533474	
   60.5181		2603786		2603786		2359474		2471096	
   60.5590		2507939		2698849		2421457		2355921	
   60.5964		2504020		2504020		2359689		2503819	
   60.6417		2494717		2698587		2362649		2473518	
   60.6835		2509559		2698221		2317763		2317763	
   60.7205		2587063		2587063		2359420		2556670	
   60.7608		2483951		2697908		2359420		2359420	
   60.7971		2616224		2616224		2362434		2507586	
   60.8390		2495292		2727801		2497468		2497468	
   60.8721		2532920		2532920		2360765		2539286	
   60.9151		2516719		2725031		2358882		2358882	
   60.9481		2619412		2619412		2362595		2473572	
   60.9901		2495188		2729317		2360119		2360119	
   61.0263		2638435		2638435		2354845		2496230	
   61.0670		2529262		2701357		2421582		2421582	
   61.1047		2647842		2647842		2363725		2528038	
   61.1448		2530464		2697020		2389327		2323791	
   61.1814		2652754		2652754		2366955		2544453	
   61.2231		2510134		2688815		2357913		2357913	
   61.2599		2504751		2504751		2357213		2502258	
   61.3012		2490014		2688344		2385738		2385738	
   61.3379		2540289		2540289		2360765		2533850	
   61.3784		2515988		2701723		2356191		2356191	
   61.4114		2515726		2515726		2357751		2532343	
   61.4565		2490014		2683850		2522871		2522871	
   61.4897		2530987		2530987		2360711		2474164	
   61.5304		2487714		2694877		2360711		2360711	
   61.5667		2550010		2550010		2358505		2548167	
   61.6080		2487819		2717506		2359958		2359958	
   61.6444		2530568		2530568		2356783		2515605	
   61.6857		2487505		2706479		2309905		2309905	
   61.7222		2514263		2514263		2357482		2534119	
   61.7652		2498062		2696549		2354415		2354415	
   61.8006		2596469		2596469		2361949		2522171	
   61.8421		2506371		2725815		2359567		2505487	
   61.8782		2501511		2501511		2357482		2524378	
   61.9194		2530046		2733132		2454573		2454573	
   61.9518		2498741		2498741		2356567		2508986	
   61.9929		2514838		2726234		2322280		2518888	
   62.0295		2655263		2655263		2358882		2547951	
   62.0715		2525238		2732662		2323199		2323199	
   62.1079		2556647		2556647		2365286		2557047	
   62.1490		2503445		2726913		2451452		2451452	
   62.1853		2541543		2541543		2363564		2510439	
   62.2257		2529418		2724352		2358989		2358989	
   62.2638		2524924		2524924		2361411		2497253	
   62.3038		2509037		2717088		2509416		2509416	
   62.3405		2626990		2626990		2353876		2485843	
   62.3823		2512800		2697804		2362703		2362703	
   62.4187		2621973		2621973		2359958		2486327	
   62.4596		2508357		2720694		2358887		2442087	
   62.4929		2505222		2505222		2364587		2520557	
   62.5341		2502974		2692995		2327773		2327773	
   62.5704		2646222		2646222		2365340		2548220	
   62.6121		2489230		2721060		2355975		2355975	
   62.6483		2552257		2552257		2357374		2546229	
   62.6896		2495867		2688187		2407750		2407750	
   62.7261		2606347		2606347		2360657		2469159	
   62.7667		2506737		2721530		2354145		2354145	
   62.8044		2505588		2505588		2355114		2535680	
   62.8448		2493777		2695086		2362111		2362111	
   62.8813		2502086		2502086		2363833		2551611	
   62.9227		2509559		2690487		2503927		2503927	
   62.9552		2573318		2573318		2361142		2545260	
   63.0000		2489961		2700521		2437190		2437190	
   63.0329		2531979		2531979		2361734		2523786	
   63.0742		2515047		2668694		2466629		2466629	
   63.1117		2506633		2506633		2359904		2486489	
   63.1521		2510082		2692525		2330034		2330034	
   63.1887		2600441		2600441		2353876		2561622	
   63.2307		2507992		2723568		2478147		2478147	
   63.2673		2663102		2663102		2356675		2477932	
   63.3158		2542798		2702716		2376212		2376212	
   63.3445		2472245		2472245		2364371		2519696	
   63.3861		2502766		2690121		2328904		2328904	
   63.4222		2544052		2544052		2363348		2482398	
   63.4627		2527224		2711182		2361572		2361572	
   63.4958		2501616		2501616		2360389		2484982	
   63.5371		2493933		2700678		2382831		2382831	
   63.5744		2656047		2656047		2361411		2486166	
   63.6149		2520221		2692264		2359743		2359743	
   63.6512		2612984		2612984		2360281		2492840	
   63.6927		2525656		2729003		2331971		2331971	
   63.7292		2585338		2585338		2364855		2460117	
   63.7710		2516354		2727226		2348064		2348064	
   63.8077		2630544		2630544		2357106		2478039	
   63.8480		2483272		2699476		2420452		2420452	
   63.8856		2612096		2612096		2368408		2516843	
   63.9262		2533861		2719283		2308937		2308937	
   63.9598		2628349		2628349		2364587		2469482	
   64.0047		2530307		2714684		2306246		2306246	
   64.0367		2595320		2595320		2362434		2546767	
   64.0790		2487714		2696288		2351616		2351616	
   64.1145		2588474		2588474		2366416		2553226	
   64.1551		2486460		2688187		2468082		2468082	
   64.1930		2486460		2486460		2358397		2517274	
   64.2494		2495606		2726495		2339668		2523840	
   64.2911		2517765		2724039		2353553		2353553	
   64.3230		2637338		2637338		2358343		2533797	
   64.3807		2512225		2721321		2379441		2523140	
   64.4225		2501250		2721373		2497145		2497145	
   64.4589		2609117		2609117		2361895		2553387	
   64.4993		2532084		2718290		2346718		2346718	
   64.5321		2641832		2641832		2357321		2526962	
   64.5775		2509664		2717454		2366901		2366901	
   64.6105		2514733		2514733		2363994		2539125	
   64.6683		2516458		2730310		2310605		2512430	
   64.7090		2531666		2724509		2393595		2393595	
   64.7462		2642355		2642355		2357321		2532774	
   64.7871		2480973		2730362		2325836		2325836	
   64.8194		2521266		2521266		2359796		2486435	
   64.8645		2500466		2724979		2312919		2312919	
   64.8964		2520795		2520795		2359474		2565766	
   64.9383		2514629		2719492		2502527		2502527	
   64.9751		2621032		2621032		2354899		2541547	
   65.0318		2516196		2690748		2406620		2528253	
   65.0735		2540602		2723516		2515498		2515498	
   65.1098		2602636		2602636		2359420		2452421	
   65.1628		2526649		2722837		2458449		2515552	
   65.2039		2522938		2716147		2339560		2339560	
   65.2404		2620928		2620928		2367870		2488642	
   65.2822		2478046		2709196		2532505		2532505	
   65.3188		2500100		2500100		2361465		2483475	
   65.3592		2497330		2697176		2366309		2366309	
   65.3919		2599344		2599344		2362972		2540847	
   65.4371		2493463		2700364		2445693		2445693	
   65.4700		2662318		2662318		2358020		2521203	
   65.5280		2533756		2687038		2495154		2526208	
   65.5686		2512172		2695713		2459041		2459041	
   65.6058		2532711		2532711		2361411		2494346	
   65.6585		2492157		2694407		2389290		2529437	
   65.7001		2504072		2694407		2324114		2324114	
   65.7366		2606817		2606817		2361949		2562805	
   65.7930		2535951		2720798		2381109		2525562	
   65.8345		2518026		2729003		2325136		2325136	
   65.8678		2551786		2551786		2359312		2558823	
   65.9256		2501041		2722157		2313081		2559684	
   65.9658		2521632		2721739		2383154		2383154	
   66.0025		2530568		2530568		2360819		2495638	
   66.0580		2504908		2725659		2494400		2520664	
   66.0968		2532920		2717297		2370399		2370399	
   66.1333		2544313		2544313		2361196		2485466	
   66.1875		2527276		2692995		2397471		2527446	
   66.2323		2480137		2699215		2318840		2318840	
   66.2646		2558214		2558214		2363941		2557370	
   66.3222		2505796		2725136		2448976		2525024	
   66.3636		2493515		2728011		2478793		2478793	
   66.4003		2615649		2615649		2358828		2478416	
   66.4412		2492940		2720485		2297257		2297257	
   66.4744		2513845		2513845		2357590		2548866	
   66.5313		2489491		2679146		2368677		2535250	
   66.5729		2484422		2693623		2313350		2313350	
   66.6092		2490589		2490589		2357374		2562106	
   66.6623		2504751		2695713		2494562		2535411	
   66.7030		2504751		2693884		2486758		2486758	
   66.7405		2504281		2504281		2365986		2494239	
   66.7936		2513113		2723098		2406243		2525186	
   66.8389		2520116		2714370		2372498		2372498	
   66.8716		2506581		2506581		2360981		2481591	
   66.9280		2490902		2725293		2361142		2519427	
   66.9698		2491477		2726652		2329388		2329388	
   67.0062		2549225		2549225		2360711		2460494	
   67.0591		2506737		2699319		2400646		2527015	
   67.1009		2512434		2689860		2309259		2309259	
   67.1373		2543425		2543425		2359743		2568457	
   67.1900		2499578		2698640		2309044		2529760	
   67.2351		2493620		2699110		2445586		2445586	
   67.2685		2509507		2509507		2363510		2487888	
   67.3263		2509873		2693205		2327612		2547682	
   67.3663		2507521		2697490		2381540		2381540	
   67.4042		2530255		2530255		2363348		2524271	
   67.4569		2484945		2694616		2439396		2526531	
   67.4975		2479457		2693988		2328097		2328097	
   67.5352		2568248		2568248		2358720		2463992	
   67.5881		2494770		2694093		2402153		2523086	
   67.6329		2488603		2727488		2486758		2486758	
   67.6667		2550950		2550950		2359904		2558554	
   67.7229		2506058		2696915		2461732		2527984	
   67.7683		2527799		2692682		2340098		2340098	
   67.8007		2523618		2523618		2370614		2536165	
   67.8536		2485415		2694407		2480622		2526692	
   67.8949		2508828		2705434		2426426		2426426	
   67.9323		2637808		2637808		2369269		2498867	
   67.9866		2505535		2686620		2367654		2525885	
   68.0422		2497173		2698065		2347041		2528576	
   68.0957		2491216		2697333		2370668		2527715	
   68.1370		2498480		2689076		2499729		2499729	
   68.1737		2580791		2580791		2362541		2459956	
   68.2312		2484056		2690435		2376696		2521849	
   68.2843		2499786		2730571		2509147		2499029	
   68.3407		2496703		2727383		2423573		2525777	
   68.3952		2499107		2744734		2509577		2515229	
   68.4481		2501041		2722262		2438912		2518512	
   68.4929		2510866		2722471		2307161		2307161	
   68.5261		2540080		2540080		2357967		2559146	
   68.5826		2512277		2723255		2324652		2524378	
   68.6241		2511545		2683850		2437244		2437244	
   68.6606		2627512		2627512		2365824		2515982	
   68.7136		2509873		2725815		2454843		2528307	
   68.7717		2488446		2692473		2362434		2528361	
   68.8248		2504438		2695452		2353769		2524540	
   68.8659		2521841		2693727		2470020		2470020	
   68.9025		2547605		2547605		2358020		2458018	
   68.9555		2532815		2746354		2409957		2530944	
   68.9967		2521736		2724143		2488372		2488372	
   69.0346		2580216		2580216		2362864		2465983	
   69.0910		2503079		2694720		2478254		2521418	
   69.1439		2514263		2690957		2352800		2527500	
   69.2018		2480973		2683484		2464207		2521526	
   69.2424		2519228		2693100		2488157		2488157	
   69.2761		2652807		2652807		2366524		2546337	
   69.3329		2511336		2696758		2308937		2522656	
   69.3864		2486774		2723098		2416038		2545476	
   69.4448		2485781		2697542		2308291		2522764	
   69.4841		2527171		2696602		2439504		2439504	
   69.5207		2516458		2516458		2360119		2493001	
   69.5764		2509873		2710085		2452851		2508178	
   69.6319		2483063		2691950		2308990		2522064	
   69.6848		2486042		2700573		2465930		2526477	
   69.7259		2515779		2693675		2309421		2309421	
   69.7626		2521998		2521998		2359474		2446285	
   69.8166		2520848		2750430		2421259		2519642	
   69.8603		2539766		2723568		2311843		2311843	
   69.8953		2503236		2503236		2356621		2561029	
   69.9518		2522416		2723202		2460763		2525831	
   70.0045		2502191		2730414		2454896		2545045	
   70.0622		2556281		2722262		2459686		2513668	
   70.1026		2507051		2725031		2444724		2444724	
   70.1353		2494247		2494247		2367008		2505810	
   70.1931		2496599		2694668		2475563		2521579	
   70.2459		2501459		2688815		2362272		2552795	
   70.3036		2517242		2736372		2483475		2518673	
   70.3566		2500936		2727540		2338860		2523840	
   70.4147		2520325		2699633		2330357		2508555	
   70.4676		2514838		2720119		2455650		2526800	
   70.5244		2530987		2721844		2458126		2532666	
   70.5783		2503863		2723986		2346772		2515875	
   70.6350		2505796		2722889		2435683		2524755	
   70.6881		2528896		2723359		2309044		2521526	
   70.7415		2517607		2722314		2372767		2523625	
   70.7990		2536997		2740448		2454197		2552095	
   70.8519		2511284		2728847		2456619		2520342	
   70.9096		2514367		2695452		2321154		2538371	
   70.9624		2478987		2695243		2358397		2529222	
   71.0202		2500048		2696183		2409526		2517597	
   71.0731		2494142		2723725		2382186		2525293	
   71.1309		2536892		2719335		2501720		2510170	
   71.1841		2536631		2715050		2419106		2534873	
   71.2408		2529105		2719074		2319001		2517812	
